# Time-averaged data for fix sodiummsdt
# TimeStep c_sodiummsd[4]
100000 5.07462e-29
101000 0.28225
102000 0.282586
103000 0.28144
104000 0.282434
105000 0.283492
106000 0.283167
107000 0.289146
108000 0.291725
109000 0.284448
110000 0.296067
111000 0.295935
112000 0.299796
113000 0.291947
114000 0.304623
115000 0.29893
116000 0.301786
117000 0.300682
118000 0.307861
119000 0.310701
120000 0.307162
121000 0.312643
122000 0.304173
123000 0.314398
124000 0.31261
125000 0.319592
126000 0.317491
127000 0.326447
128000 0.319487
129000 0.32632
130000 0.32557
131000 0.334791
132000 0.331743
133000 0.327798
134000 0.332888
135000 0.32395
136000 0.331069
137000 0.330161
138000 0.335329
139000 0.330671
140000 0.335139
141000 0.335994
142000 0.338907
143000 0.344816
144000 0.349844
145000 0.345021
146000 0.347997
147000 0.348133
148000 0.362072
149000 0.356107
150000 0.356249
151000 0.358351
152000 0.352413
153000 0.350523
154000 0.359259
155000 0.357468
156000 0.354304
157000 0.365796
158000 0.359486
159000 0.365238
160000 0.363177
161000 0.364688
162000 0.35637
163000 0.364742
164000 0.36266
165000 0.361726
166000 0.357313
167000 0.361878
168000 0.368167
169000 0.362906
170000 0.367961
171000 0.368204
172000 0.378636
173000 0.372499
174000 0.374731
175000 0.369843
176000 0.379558
177000 0.37759
178000 0.374773
179000 0.383889
180000 0.385528
181000 0.381746
182000 0.373145
183000 0.378614
184000 0.381916
185000 0.387529
186000 0.379934
187000 0.381321
188000 0.388267
189000 0.390944
190000 0.383688
191000 0.382357
192000 0.387962
193000 0.386764
194000 0.39622
195000 0.397341
196000 0.399389
197000 0.395985
198000 0.399901
199000 0.398986
200000 0.40109
201000 0.400445
202000 0.405216
203000 0.397193
204000 0.403468
205000 0.40203
206000 0.400321
207000 0.404885
208000 0.401717
209000 0.405765
210000 0.406948
211000 0.400213
212000 0.40142
213000 0.409863
214000 0.40946
215000 0.412291
216000 0.407045
217000 0.416623
218000 0.414315
219000 0.416011
220000 0.413587
221000 0.412479
222000 0.410197
223000 0.414091
224000 0.418708
225000 0.423828
226000 0.420783
227000 0.416521
228000 0.419679
229000 0.426049
230000 0.422628
231000 0.424393
232000 0.423519
233000 0.423785
234000 0.424429
235000 0.415345
236000 0.418679
237000 0.42116
238000 0.424072
239000 0.426502
240000 0.4204
241000 0.425422
242000 0.419143
243000 0.423291
244000 0.419049
245000 0.416417
246000 0.424416
247000 0.426207
248000 0.422833
249000 0.420531
250000 0.428974
251000 0.42084
252000 0.431111
253000 0.420062
254000 0.432086
255000 0.425362
256000 0.423815
257000 0.424713
258000 0.439592
259000 0.434201
260000 0.425334
261000 0.436467
262000 0.4278
263000 0.431641
264000 0.426496
265000 0.43082
266000 0.425659
267000 0.43547
268000 0.437971
269000 0.439588
270000 0.437118
271000 0.443869
272000 0.435396
273000 0.430744
274000 0.437857
275000 0.432858
276000 0.44008
277000 0.443984
278000 0.434824
279000 0.432458
280000 0.445919
281000 0.438683
282000 0.435015
283000 0.442608
284000 0.445619
285000 0.438678
286000 0.439639
287000 0.442906
288000 0.437217
289000 0.44223
290000 0.441349
291000 0.447516
292000 0.440096
293000 0.446058
294000 0.43607
295000 0.451927
296000 0.437331
297000 0.445398
298000 0.448061
299000 0.458158
300000 0.44975
301000 0.453463
302000 0.446798
303000 0.457768
304000 0.45927
305000 0.452374
306000 0.460018
307000 0.451691
308000 0.454384
309000 0.446753
310000 0.452988
311000 0.45076
312000 0.458573
313000 0.450341
314000 0.454683
315000 0.452379
316000 0.458016
317000 0.453096
318000 0.457119
319000 0.456776
320000 0.45064
321000 0.458435
322000 0.454731
323000 0.459718
324000 0.462709
325000 0.457158
326000 0.456265
327000 0.470262
328000 0.469643
329000 0.463366
330000 0.465926
331000 0.466473
332000 0.466109
333000 0.46597
334000 0.461958
335000 0.462881
336000 0.480436
337000 0.46671
338000 0.468467
339000 0.464937
340000 0.469979
341000 0.46978
342000 0.470662
343000 0.467089
344000 0.474596
345000 0.470031
346000 0.477151
347000 0.465202
348000 0.470664
349000 0.472041
350000 0.468234
351000 0.466852
352000 0.464242
353000 0.466326
354000 0.471604
355000 0.469041
356000 0.468919
357000 0.474155
358000 0.46513
359000 0.470942
360000 0.471956
361000 0.471019
362000 0.472735
363000 0.468544
364000 0.467897
365000 0.470809
366000 0.470989
367000 0.466708
368000 0.468112
369000 0.46727
370000 0.475555
371000 0.466389
372000 0.467285
373000 0.470429
374000 0.471152
375000 0.463768
376000 0.46442
377000 0.468093
378000 0.47149
379000 0.469722
380000 0.468741
381000 0.468287
382000 0.470242
383000 0.46983
384000 0.468233
385000 0.475799
386000 0.472426
387000 0.466951
388000 0.468963
389000 0.476591
390000 0.471485
391000 0.479636
392000 0.469233
393000 0.476417
394000 0.471237
395000 0.475812
396000 0.475564
397000 0.475129
398000 0.479438
399000 0.471836
400000 0.472147
401000 0.47377
402000 0.478405
403000 0.484843
404000 0.479244
405000 0.475805
406000 0.475505
407000 0.482188
408000 0.4764
409000 0.478424
410000 0.474716
411000 0.478382
412000 0.47748
413000 0.482183
414000 0.478337
415000 0.480237
416000 0.476308
417000 0.481366
418000 0.479925
419000 0.484383
420000 0.479917
421000 0.481308
422000 0.480766
423000 0.480878
424000 0.474206
425000 0.48065
426000 0.483063
427000 0.476623
428000 0.478049
429000 0.482293
430000 0.484174
431000 0.480145
432000 0.481932
433000 0.479188
434000 0.482865
435000 0.473406
436000 0.480829
437000 0.472902
438000 0.485967
439000 0.472388
440000 0.476675
441000 0.483856
442000 0.479814
443000 0.482637
444000 0.4806
445000 0.484226
446000 0.479326
447000 0.477809
448000 0.482784
449000 0.485009
450000 0.487719
451000 0.482318
452000 0.481509
453000 0.482337
454000 0.481985
455000 0.480601
456000 0.480827
457000 0.479969
458000 0.477025
459000 0.483927
460000 0.482708
461000 0.478917
462000 0.483314
463000 0.484026
464000 0.477479
465000 0.485358
466000 0.484819
467000 0.480057
468000 0.485945
469000 0.489858
470000 0.484458
471000 0.486548
472000 0.488168
473000 0.47901
474000 0.483397
475000 0.484036
476000 0.483593
477000 0.480816
478000 0.49022
479000 0.486583
480000 0.488502
481000 0.485209
482000 0.487504
483000 0.483983
484000 0.4777
485000 0.495116
486000 0.485141
487000 0.488523
488000 0.475187
489000 0.485722
490000 0.478818
491000 0.484971
492000 0.481748
493000 0.479697
494000 0.482727
495000 0.478113
496000 0.481898
497000 0.480051
498000 0.485732
499000 0.493564
500000 0.492451
501000 0.493715
502000 0.49619
503000 0.484209
504000 0.491485
505000 0.493041
506000 0.487899
507000 0.489609
508000 0.483682
509000 0.4835
510000 0.493868
511000 0.479503
512000 0.484802
513000 0.487812
514000 0.481964
515000 0.479171
516000 0.482652
517000 0.484246
518000 0.487819
519000 0.485166
520000 0.488693
521000 0.493196
522000 0.491428
523000 0.489746
524000 0.479978
525000 0.480894
526000 0.48559
527000 0.486105
528000 0.485588
529000 0.487693
530000 0.486023
531000 0.480623
532000 0.487498
533000 0.478596
534000 0.487507
535000 0.484947
536000 0.491295
537000 0.492862
538000 0.490576
539000 0.486236
540000 0.486135
541000 0.481189
542000 0.485681
543000 0.493338
544000 0.484117
545000 0.485154
546000 0.484321
547000 0.481568
548000 0.491135
549000 0.488525
550000 0.492626
551000 0.483821
552000 0.48263
553000 0.487609
554000 0.478472
555000 0.491336
556000 0.489846
557000 0.48466
558000 0.493995
559000 0.4828
560000 0.485716
561000 0.49846
562000 0.487322
563000 0.492622
564000 0.479461
565000 0.484673
566000 0.491229
567000 0.491816
568000 0.481374
569000 0.491221
570000 0.485474
571000 0.483533
572000 0.489369
573000 0.489243
574000 0.491478
575000 0.492641
576000 0.487249
577000 0.487971
578000 0.489748
579000 0.481967
580000 0.492942
581000 0.489831
582000 0.488456
583000 0.491407
584000 0.494939
585000 0.491406
586000 0.492418
587000 0.488309
588000 0.49218
589000 0.486029
590000 0.491789
591000 0.48514
592000 0.485542
593000 0.491457
594000 0.499583
595000 0.491232
596000 0.49612
597000 0.50297
598000 0.50313
599000 0.503307
600000 0.49695
601000 0.504374
602000 0.502033
603000 0.503405
604000 0.501648
605000 0.50283
606000 0.510352
607000 0.499404
608000 0.508852
609000 0.507988
610000 0.506618
611000 0.507177
612000 0.501196
613000 0.506496
614000 0.499699
615000 0.505088
616000 0.496555
617000 0.499121
618000 0.501079
619000 0.501624
620000 0.496907
621000 0.503587
622000 0.501038
623000 0.499174
624000 0.501511
625000 0.497463
626000 0.500849
627000 0.507225
628000 0.497317
629000 0.498577
630000 0.501917
631000 0.498965
632000 0.498235
633000 0.501408
634000 0.493701
635000 0.496281
636000 0.502834
637000 0.494747
638000 0.497226
639000 0.496511
640000 0.496983
641000 0.498799
642000 0.502744
643000 0.499585
644000 0.499336
645000 0.504508
646000 0.493632
647000 0.498532
648000 0.494968
649000 0.498104
650000 0.49754
651000 0.497933
652000 0.499182
653000 0.506666
654000 0.503333
655000 0.510241
656000 0.509092
657000 0.503097
658000 0.504921
659000 0.501267
660000 0.503547
661000 0.503945
662000 0.501767
663000 0.497364
664000 0.508272
665000 0.502774
666000 0.497811
667000 0.498545
668000 0.494363
669000 0.503571
670000 0.505033
671000 0.502593
672000 0.493081
673000 0.505652
674000 0.506268
675000 0.495906
676000 0.495139
677000 0.498114
678000 0.493888
679000 0.498485
680000 0.501798
681000 0.501309
682000 0.499105
683000 0.495617
684000 0.503486
685000 0.505514
686000 0.5061
687000 0.505371
688000 0.511246
689000 0.504409
690000 0.507493
691000 0.498996
692000 0.500358
693000 0.504119
694000 0.5014
695000 0.497749
696000 0.505853
697000 0.509883
698000 0.498863
699000 0.505671
700000 0.512823
701000 0.508498
702000 0.508175
703000 0.499946
704000 0.507221
705000 0.500152
706000 0.498733
707000 0.504565
708000 0.510629
709000 0.502272
710000 0.505088
711000 0.511939
712000 0.509085
713000 0.507923
714000 0.505585
715000 0.506813
716000 0.505331
717000 0.508607
718000 0.499989
719000 0.500436
720000 0.501212
721000 0.502104
722000 0.501862
723000 0.503736
724000 0.497509
725000 0.494274
726000 0.494936
727000 0.498799
728000 0.496397
729000 0.497011
730000 0.498842
731000 0.491469
732000 0.495466
733000 0.492266
734000 0.490257
735000 0.495368
736000 0.496304
737000 0.497442
738000 0.494683
739000 0.49443
740000 0.489588
741000 0.495049
742000 0.491494
743000 0.501068
744000 0.488612
745000 0.50123
746000 0.498648
747000 0.494804
748000 0.499028
749000 0.49364
750000 0.486415
751000 0.485042
752000 0.491715
753000 0.484765
754000 0.495299
755000 0.494947
756000 0.497764
757000 0.492398
758000 0.50533
759000 0.490742
760000 0.492524
761000 0.488745
762000 0.494723
763000 0.493078
764000 0.492456
765000 0.498989
766000 0.494337
767000 0.493847
768000 0.484754
769000 0.488245
770000 0.488328
771000 0.484747
772000 0.485062
773000 0.480464
774000 0.487023
775000 0.48423
776000 0.482514
777000 0.486865
778000 0.484497
779000 0.484123
780000 0.490549
781000 0.4833
782000 0.484972
783000 0.481633
784000 0.493817
785000 0.487317
786000 0.494009
787000 0.493191
788000 0.496962
789000 0.491566
790000 0.492961
791000 0.487958
792000 0.489652
793000 0.488973
794000 0.49223
795000 0.489231
796000 0.493096
797000 0.493997
798000 0.486037
799000 0.494848
800000 0.497511
801000 0.488417
802000 0.486615
803000 0.488967
804000 0.486234
805000 0.493567
806000 0.490703
807000 0.490345
808000 0.485972
809000 0.494621
810000 0.489839
811000 0.490738
812000 0.490995
813000 0.494502
814000 0.494242
815000 0.499291
816000 0.492865
817000 0.491712
818000 0.500867
819000 0.493591
820000 0.501208
821000 0.499231
822000 0.501155
823000 0.500319
824000 0.50762
825000 0.504105
826000 0.497813
827000 0.501834
828000 0.503347
829000 0.50127
830000 0.500439
831000 0.494544
832000 0.496941
833000 0.497808
834000 0.506717
835000 0.500522
836000 0.497557
837000 0.500806
838000 0.499954
839000 0.49545
840000 0.493607
841000 0.500837
842000 0.499513
843000 0.505405
844000 0.49959
845000 0.496807
846000 0.501602
847000 0.49807
848000 0.500157
849000 0.506806
850000 0.500534
851000 0.499834
852000 0.49625
853000 0.499345
854000 0.506408
855000 0.49421
856000 0.502238
857000 0.496605
858000 0.504388
859000 0.497712
860000 0.501775
861000 0.499354
862000 0.499845
863000 0.493749
864000 0.499161
865000 0.505006
866000 0.495883
867000 0.505155
868000 0.50177
869000 0.506442
870000 0.508872
871000 0.50708
872000 0.5
873000 0.504582
874000 0.500524
875000 0.495185
876000 0.50332
877000 0.496155
878000 0.497903
879000 0.50581
880000 0.498434
881000 0.503325
882000 0.509969
883000 0.499144
884000 0.500969
885000 0.503198
886000 0.502551
887000 0.497687
888000 0.505827
889000 0.501376
890000 0.501314
891000 0.500151
892000 0.49918
893000 0.50534
894000 0.510878
895000 0.510439
896000 0.506617
897000 0.51391
898000 0.503089
899000 0.511592
900000 0.503406
901000 0.511112
902000 0.50933
903000 0.516229
904000 0.51058
905000 0.509568
906000 0.512492
907000 0.516034
908000 0.514421
909000 0.5141
910000 0.518269
911000 0.519882
912000 0.522404
913000 0.515525
914000 0.510731
915000 0.507545
916000 0.506852
917000 0.514894
918000 0.505802
919000 0.512169
920000 0.505642
921000 0.503977
922000 0.507576
923000 0.512029
924000 0.506551
925000 0.513359
926000 0.506256
927000 0.500412
928000 0.50313
929000 0.51308
930000 0.504211
931000 0.514869
932000 0.507346
933000 0.508429
934000 0.509658
935000 0.51165
936000 0.51382
937000 0.504567
938000 0.507468
939000 0.515545
940000 0.511472
941000 0.500589
942000 0.511364
943000 0.511326
944000 0.511857
945000 0.50365
946000 0.504073
947000 0.501057
948000 0.50232
949000 0.510063
950000 0.500924
951000 0.511819
952000 0.512032
953000 0.518067
954000 0.511356
955000 0.516804
956000 0.507926
957000 0.51221
958000 0.511882
959000 0.514863
960000 0.505558
961000 0.511602
962000 0.50409
963000 0.512701
964000 0.510722
965000 0.513921
966000 0.508811
967000 0.510086
968000 0.504863
969000 0.512196
970000 0.499985
971000 0.504451
972000 0.514553
973000 0.508562
974000 0.508798
975000 0.50917
976000 0.501994
977000 0.505746
978000 0.504929
979000 0.510299
980000 0.510689
981000 0.508206
982000 0.509698
983000 0.508494
984000 0.513085
985000 0.506618
986000 0.508275
987000 0.518422
988000 0.50889
989000 0.514693
990000 0.51499
991000 0.510991
992000 0.511014
993000 0.515051
994000 0.510699
995000 0.504444
996000 0.509113
997000 0.512107
998000 0.518047
999000 0.511896
1000000 0.51858
1001000 0.511488
1002000 0.504863
1003000 0.515646
1004000 0.51903
1005000 0.51322
1006000 0.513082
1007000 0.509155
1008000 0.518271
1009000 0.51423
1010000 0.515139
1011000 0.507585
1012000 0.523319
1013000 0.513829
1014000 0.516463
1015000 0.513826
1016000 0.50831
1017000 0.507383
1018000 0.50804
1019000 0.509991
1020000 0.513238
1021000 0.515445
1022000 0.505334
1023000 0.515367
1024000 0.50835
1025000 0.515719
1026000 0.511178
1027000 0.513699
1028000 0.510621
1029000 0.514538
1030000 0.510994
1031000 0.509175
1032000 0.511005
1033000 0.507354
1034000 0.5108
1035000 0.512633
1036000 0.517357
1037000 0.515506
1038000 0.509081
1039000 0.514034
1040000 0.519547
1041000 0.508712
1042000 0.507363
1043000 0.512646
1044000 0.513781
1045000 0.515818
1046000 0.523999
1047000 0.511466
1048000 0.521661
1049000 0.517832
1050000 0.513473
1051000 0.519249
1052000 0.50615
1053000 0.510625
1054000 0.511687
1055000 0.513686
1056000 0.510197
1057000 0.520134
1058000 0.514766
1059000 0.518779
1060000 0.514662
1061000 0.526075
1062000 0.517989
1063000 0.521628
1064000 0.51956
1065000 0.520452
1066000 0.52161
1067000 0.522519
1068000 0.518694
1069000 0.517029
1070000 0.521941
1071000 0.522689
1072000 0.520746
1073000 0.519013
1074000 0.515157
1075000 0.525101
1076000 0.522233
1077000 0.515361
1078000 0.519765
1079000 0.529755
1080000 0.516348
1081000 0.524389
1082000 0.512875
1083000 0.520615
1084000 0.517342
1085000 0.5263
1086000 0.517979
1087000 0.513328
1088000 0.512082
1089000 0.521178
1090000 0.519613
1091000 0.518576
1092000 0.510372
1093000 0.516594
1094000 0.516903
1095000 0.513097
1096000 0.511781
1097000 0.51375
1098000 0.513433
1099000 0.508709
1100000 0.508764
1101000 0.513969
1102000 0.5066
1103000 0.509968
1104000 0.515641
1105000 0.509529
1106000 0.513453
1107000 0.513615
1108000 0.515068
1109000 0.51426
1110000 0.516276
1111000 0.510242
1112000 0.511466
1113000 0.520706
1114000 0.521607
1115000 0.507233
1116000 0.517312
1117000 0.515745
1118000 0.510816
1119000 0.522241
1120000 0.522913
1121000 0.515946
1122000 0.512071
1123000 0.513379
1124000 0.518523
1125000 0.520899
1126000 0.513498
1127000 0.515594
1128000 0.518946
1129000 0.510989
1130000 0.510618
1131000 0.515477
1132000 0.519529
1133000 0.510483
1134000 0.518127
1135000 0.513816
1136000 0.512449
1137000 0.513351
1138000 0.510792
1139000 0.514205
1140000 0.510993
1141000 0.50446
1142000 0.511056
1143000 0.512512
1144000 0.518187
1145000 0.514516
1146000 0.510774
1147000 0.506068
1148000 0.512557
1149000 0.524473
1150000 0.513196
1151000 0.511714
1152000 0.507361
1153000 0.519755
1154000 0.506914
1155000 0.511781
1156000 0.509472
1157000 0.511611
1158000 0.512112
1159000 0.511751
1160000 0.518322
1161000 0.515677
1162000 0.52641
1163000 0.509328
1164000 0.513516
1165000 0.515764
1166000 0.507912
1167000 0.518824
1168000 0.513655
1169000 0.517635
1170000 0.516147
1171000 0.520415
1172000 0.514198
1173000 0.516695
1174000 0.522242
1175000 0.511632
1176000 0.510489
1177000 0.520494
1178000 0.510426
1179000 0.518427
1180000 0.511092
1181000 0.520739
1182000 0.511523
1183000 0.51839
1184000 0.508509
1185000 0.51786
1186000 0.521172
1187000 0.515691
1188000 0.517321
1189000 0.518156
1190000 0.511562
1191000 0.504602
1192000 0.519606
1193000 0.510462
1194000 0.506526
1195000 0.516482
1196000 0.514403
1197000 0.516513
1198000 0.521538
1199000 0.51224
1200000 0.507635
1201000 0.513745
1202000 0.507934
1203000 0.508424
1204000 0.511593
1205000 0.512844
1206000 0.50492
1207000 0.503666
1208000 0.506746
1209000 0.507042
1210000 0.51051
1211000 0.50761
1212000 0.503333
1213000 0.505765
1214000 0.510371
1215000 0.515811
1216000 0.501877
1217000 0.51068
1218000 0.506678
1219000 0.511934
1220000 0.506244
1221000 0.511916
1222000 0.519075
1223000 0.504827
1224000 0.515628
1225000 0.5091
1226000 0.511338
1227000 0.513119
1228000 0.517237
1229000 0.504044
1230000 0.515475
1231000 0.513204
1232000 0.504394
1233000 0.511726
1234000 0.510378
1235000 0.507126
1236000 0.498439
1237000 0.514913
1238000 0.512113
1239000 0.511965
1240000 0.512386
1241000 0.510234
1242000 0.505488
1243000 0.513778
1244000 0.50764
1245000 0.505552
1246000 0.507688
1247000 0.507635
1248000 0.505809
1249000 0.516238
1250000 0.502602
1251000 0.505967
1252000 0.512526
1253000 0.507688
1254000 0.508594
1255000 0.513011
1256000 0.510108
1257000 0.508282
1258000 0.505745
1259000 0.512331
1260000 0.503118
1261000 0.516375
1262000 0.512134
1263000 0.511915
1264000 0.513671
1265000 0.51549
1266000 0.507923
1267000 0.51917
1268000 0.507996
1269000 0.512967
1270000 0.509639
1271000 0.500855
1272000 0.508971
1273000 0.511042
1274000 0.499556
1275000 0.506091
1276000 0.507383
1277000 0.509831
1278000 0.505976
1279000 0.5087
1280000 0.504076
1281000 0.506111
1282000 0.515288
1283000 0.501925
1284000 0.503308
1285000 0.500662
1286000 0.509318
1287000 0.503463
1288000 0.511004
1289000 0.502016
1290000 0.505231
1291000 0.506925
1292000 0.509793
1293000 0.502358
1294000 0.512094
1295000 0.502006
1296000 0.509096
1297000 0.51013
1298000 0.507104
1299000 0.499183
1300000 0.504805
1301000 0.50596
1302000 0.50501
1303000 0.501445
1304000 0.509762
1305000 0.503592
1306000 0.508976
1307000 0.504254
1308000 0.506061
1309000 0.512974
1310000 0.504041
1311000 0.503263
1312000 0.508074
1313000 0.505174
1314000 0.504902
1315000 0.498808
1316000 0.503479
1317000 0.504401
1318000 0.50451
1319000 0.501234
1320000 0.503664
1321000 0.508208
1322000 0.503447
1323000 0.501057
1324000 0.501693
1325000 0.505667
1326000 0.509622
1327000 0.49432
1328000 0.504813
1329000 0.498419
1330000 0.504424
1331000 0.503142
1332000 0.495142
1333000 0.50565
1334000 0.497451
1335000 0.502187
1336000 0.498747
1337000 0.504123
1338000 0.499478
1339000 0.500751
1340000 0.50218
1341000 0.503649
1342000 0.504442
1343000 0.497738
1344000 0.496133
1345000 0.497588
1346000 0.499775
1347000 0.503564
1348000 0.50266
1349000 0.507399
1350000 0.509273
1351000 0.512845
1352000 0.503093
1353000 0.504952
1354000 0.503188
1355000 0.498818
1356000 0.511971
1357000 0.503246
1358000 0.507448
1359000 0.505182
1360000 0.509603
1361000 0.497118
1362000 0.498031
1363000 0.492853
1364000 0.506025
1365000 0.499422
1366000 0.502529
1367000 0.505559
1368000 0.50221
1369000 0.506172
1370000 0.505162
1371000 0.511395
1372000 0.50034
1373000 0.508836
1374000 0.506905
1375000 0.503451
1376000 0.500813
1377000 0.498783
1378000 0.498413
1379000 0.502464
1380000 0.505465
1381000 0.503664
1382000 0.512785
1383000 0.507068
1384000 0.515409
1385000 0.505742
1386000 0.516704
1387000 0.510567
1388000 0.510987
1389000 0.510091
1390000 0.510099
1391000 0.508249
1392000 0.514641
1393000 0.500472
1394000 0.512687
1395000 0.504821
1396000 0.507389
1397000 0.506764
1398000 0.503772
1399000 0.50184
1400000 0.507164
1401000 0.510904
1402000 0.504491
1403000 0.509596
1404000 0.513458
1405000 0.506649
1406000 0.506161
1407000 0.509361
1408000 0.50577
1409000 0.510126
1410000 0.508516
1411000 0.502227
1412000 0.503588
1413000 0.50223
1414000 0.509679
1415000 0.510045
1416000 0.501471
1417000 0.50858
1418000 0.504535
1419000 0.506108
1420000 0.508648
1421000 0.505607
1422000 0.513609
1423000 0.501891
1424000 0.502501
1425000 0.506368
1426000 0.509026
1427000 0.505152
1428000 0.507973
1429000 0.513366
1430000 0.508851
1431000 0.508291
1432000 0.504278
1433000 0.509136
1434000 0.508026
1435000 0.511664
1436000 0.504893
1437000 0.517077
1438000 0.509702
1439000 0.501941
1440000 0.507861
1441000 0.509133
1442000 0.50696
1443000 0.507012
1444000 0.50471
1445000 0.501518
1446000 0.502634
1447000 0.50001
1448000 0.498439
1449000 0.501511
1450000 0.499151
1451000 0.503815
1452000 0.501641
1453000 0.507126
1454000 0.492957
1455000 0.502582
1456000 0.504383
1457000 0.497158
1458000 0.496413
1459000 0.501003
1460000 0.507273
1461000 0.49753
1462000 0.50622
1463000 0.494648
1464000 0.502025
1465000 0.492974
1466000 0.494684
1467000 0.499903
1468000 0.499817
1469000 0.504442
1470000 0.496808
1471000 0.507112
1472000 0.510509
1473000 0.50313
1474000 0.508582
1475000 0.510472
1476000 0.505855
1477000 0.509305
1478000 0.514583
1479000 0.513118
1480000 0.504442
1481000 0.504756
1482000 0.506901
1483000 0.507797
1484000 0.515786
1485000 0.510856
1486000 0.511195
1487000 0.50679
1488000 0.499663
1489000 0.508799
1490000 0.511009
1491000 0.511074
1492000 0.502712
1493000 0.500194
1494000 0.507463
1495000 0.511776
1496000 0.508317
1497000 0.506681
1498000 0.501128
1499000 0.513799
1500000 0.508133
1501000 0.503519
1502000 0.504166
1503000 0.5038
1504000 0.503248
1505000 0.501107
1506000 0.508598
1507000 0.501605
1508000 0.507513
1509000 0.513114
1510000 0.504065
1511000 0.504982
1512000 0.504667
1513000 0.513152
1514000 0.502017
1515000 0.505903
1516000 0.498726
1517000 0.496337
1518000 0.501397
1519000 0.500046
1520000 0.498859
1521000 0.505351
1522000 0.505576
1523000 0.50221
1524000 0.503902
1525000 0.503543
1526000 0.502097
1527000 0.508017
1528000 0.507665
1529000 0.496204
1530000 0.507977
1531000 0.505515
1532000 0.506641
1533000 0.504525
1534000 0.508681
1535000 0.503781
1536000 0.512608
1537000 0.503614
1538000 0.503885
1539000 0.50717
1540000 0.509159
1541000 0.508835
1542000 0.510841
1543000 0.502953
1544000 0.508404
1545000 0.502721
1546000 0.500503
1547000 0.50606
1548000 0.502086
1549000 0.503649
1550000 0.506105
1551000 0.512101
1552000 0.509678
1553000 0.511894
1554000 0.507997
1555000 0.510879
1556000 0.519462
1557000 0.514917
1558000 0.516368
1559000 0.503895
1560000 0.506693
1561000 0.499401
1562000 0.508429
1563000 0.506101
1564000 0.507076
1565000 0.501805
1566000 0.51459
1567000 0.507532
1568000 0.51046
1569000 0.508039
1570000 0.513505
1571000 0.508531
1572000 0.508178
1573000 0.503621
1574000 0.507833
1575000 0.512528
1576000 0.511025
1577000 0.517997
1578000 0.512982
1579000 0.516877
1580000 0.521913
1581000 0.525335
1582000 0.521639
1583000 0.522899
1584000 0.514263
1585000 0.517936
1586000 0.514255
1587000 0.521134
1588000 0.51982
1589000 0.516216
1590000 0.522448
1591000 0.51975
1592000 0.520401
1593000 0.514314
1594000 0.517444
1595000 0.51026
1596000 0.509725
1597000 0.504416
1598000 0.505331
1599000 0.513696
1600000 0.510889
1601000 0.515233
1602000 0.513212
1603000 0.51687
1604000 0.517218
1605000 0.509998
1606000 0.515377
1607000 0.521744
1608000 0.514607
1609000 0.518596
1610000 0.518175
1611000 0.514447
1612000 0.512102
1613000 0.514613
1614000 0.520318
1615000 0.518961
1616000 0.512003
1617000 0.510434
1618000 0.513003
1619000 0.513974
1620000 0.517142
1621000 0.517204
1622000 0.516878
1623000 0.513515
1624000 0.519632
1625000 0.50887
1626000 0.512161
1627000 0.516905
1628000 0.522898
1629000 0.517077
1630000 0.520709
1631000 0.512726
1632000 0.515517
1633000 0.517028
1634000 0.510165
1635000 0.512249
1636000 0.509913
1637000 0.517783
1638000 0.515429
1639000 0.515714
1640000 0.521823
1641000 0.514964
1642000 0.511499
1643000 0.515544
1644000 0.512057
1645000 0.519202
1646000 0.525702
1647000 0.513078
1648000 0.510782
1649000 0.513871
1650000 0.514101
1651000 0.507134
1652000 0.518818
1653000 0.50478
1654000 0.519924
1655000 0.520381
1656000 0.509783
1657000 0.516327
1658000 0.510443
1659000 0.521867
1660000 0.511342
1661000 0.513174
1662000 0.517637
1663000 0.515379
1664000 0.513022
1665000 0.516475
1666000 0.515738
1667000 0.523091
1668000 0.522478
1669000 0.521847
1670000 0.528432
1671000 0.521356
1672000 0.530717
1673000 0.52982
1674000 0.53198
1675000 0.530186
1676000 0.532542
1677000 0.531534
1678000 0.531408
1679000 0.529757
1680000 0.534921
1681000 0.532522
1682000 0.525468
1683000 0.531347
1684000 0.527483
1685000 0.525817
1686000 0.528204
1687000 0.52651
1688000 0.520787
1689000 0.52622
1690000 0.52443
1691000 0.526763
1692000 0.512431
1693000 0.525591
1694000 0.520909
1695000 0.532553
1696000 0.52328
1697000 0.525264
1698000 0.534025
1699000 0.526964
1700000 0.523705
1701000 0.529062
1702000 0.520387
1703000 0.537353
1704000 0.51908
1705000 0.527786
1706000 0.532363
1707000 0.536181
1708000 0.538887
1709000 0.529361
1710000 0.53114
1711000 0.52693
1712000 0.527053
1713000 0.519331
1714000 0.523797
1715000 0.523604
1716000 0.524581
1717000 0.52169
1718000 0.524153
1719000 0.524725
1720000 0.531259
1721000 0.519082
1722000 0.522998
1723000 0.528608
1724000 0.519653
1725000 0.517466
1726000 0.525583
1727000 0.524751
1728000 0.517807
1729000 0.528467
1730000 0.521615
1731000 0.52148
1732000 0.520171
1733000 0.519813
1734000 0.518154
1735000 0.523817
1736000 0.518993
1737000 0.52307
1738000 0.514504
1739000 0.521559
1740000 0.516932
1741000 0.514909
1742000 0.51748
1743000 0.521474
1744000 0.516315
1745000 0.528476
1746000 0.516501
1747000 0.51677
1748000 0.517571
1749000 0.520182
1750000 0.515554
1751000 0.523651
1752000 0.515609
1753000 0.516489
1754000 0.524885
1755000 0.517065
1756000 0.523073
1757000 0.524185
1758000 0.522328
1759000 0.520581
1760000 0.527806
1761000 0.524894
1762000 0.528864
1763000 0.526633
1764000 0.531343
1765000 0.533355
1766000 0.528325
1767000 0.526489
1768000 0.52337
1769000 0.534647
1770000 0.533013
1771000 0.526396
1772000 0.524665
1773000 0.53293
1774000 0.529851
1775000 0.535568
1776000 0.537313
1777000 0.527705
1778000 0.534532
1779000 0.53095
1780000 0.520873
1781000 0.5345
1782000 0.532001
1783000 0.533917
1784000 0.533906
1785000 0.536598
1786000 0.535137
1787000 0.532314
1788000 0.531344
1789000 0.542544
1790000 0.535044
1791000 0.532077
1792000 0.536058
1793000 0.532168
1794000 0.540704
1795000 0.527715
1796000 0.53852
1797000 0.529091
1798000 0.534109
1799000 0.539815
1800000 0.535516
1801000 0.530502
1802000 0.542747
1803000 0.535133
1804000 0.531139
1805000 0.537374
1806000 0.533172
1807000 0.536733
1808000 0.532082
1809000 0.537277
1810000 0.526278
1811000 0.542472
1812000 0.526859
1813000 0.539601
1814000 0.533565
1815000 0.538301
1816000 0.534566
1817000 0.541482
1818000 0.531968
1819000 0.531494
1820000 0.535186
1821000 0.551765
1822000 0.535051
1823000 0.538788
1824000 0.548468
1825000 0.539125
1826000 0.542408
1827000 0.538433
1828000 0.543781
1829000 0.535454
1830000 0.536724
1831000 0.534012
1832000 0.537581
1833000 0.541175
1834000 0.534021
1835000 0.535489
1836000 0.533453
1837000 0.535578
1838000 0.534807
1839000 0.541811
1840000 0.542311
1841000 0.531356
1842000 0.531629
1843000 0.536869
1844000 0.52909
1845000 0.535053
1846000 0.53109
1847000 0.533336
1848000 0.536606
1849000 0.526177
1850000 0.536791
1851000 0.528539
1852000 0.529496
1853000 0.531623
1854000 0.537217
1855000 0.535471
1856000 0.541215
1857000 0.531278
1858000 0.53503
1859000 0.538782
1860000 0.537681
1861000 0.53716
1862000 0.535269
1863000 0.531609
1864000 0.536452
1865000 0.529771
1866000 0.534786
1867000 0.530144
1868000 0.536148
1869000 0.540838
1870000 0.527646
1871000 0.533296
1872000 0.529471
1873000 0.532594
1874000 0.529858
1875000 0.530341
1876000 0.52394
1877000 0.529045
1878000 0.529789
1879000 0.531348
1880000 0.531653
1881000 0.532914
1882000 0.535804
1883000 0.537277
1884000 0.536902
1885000 0.533952
1886000 0.540903
1887000 0.530963
1888000 0.5358
1889000 0.527251
1890000 0.529605
1891000 0.523517
1892000 0.531367
1893000 0.53505
1894000 0.533515
1895000 0.529589
1896000 0.524517
1897000 0.533865
1898000 0.526458
1899000 0.538228
1900000 0.526932
1901000 0.535531
1902000 0.541109
1903000 0.53644
1904000 0.527056
1905000 0.536676
1906000 0.542019
1907000 0.536645
1908000 0.543043
1909000 0.546424
1910000 0.546454
1911000 0.536456
1912000 0.544931
1913000 0.52936
1914000 0.539701
1915000 0.538496
1916000 0.542407
1917000 0.537508
1918000 0.530967
1919000 0.537912
1920000 0.537737
1921000 0.538442
1922000 0.537794
1923000 0.546529
1924000 0.536127
1925000 0.542142
1926000 0.53372
1927000 0.533777
1928000 0.539182
1929000 0.541333
1930000 0.536087
1931000 0.533615
1932000 0.530615
1933000 0.527859
1934000 0.535384
1935000 0.529608
1936000 0.531732
1937000 0.530992
1938000 0.52747
1939000 0.532858
1940000 0.534544
1941000 0.534063
1942000 0.531794
1943000 0.528555
1944000 0.532819
1945000 0.526023
1946000 0.532837
1947000 0.529423
1948000 0.536216
1949000 0.523034
1950000 0.532032
1951000 0.53343
1952000 0.522298
1953000 0.525822
1954000 0.521498
1955000 0.526982
1956000 0.52661
1957000 0.529471
1958000 0.537492
1959000 0.531916
1960000 0.533125
1961000 0.534753
1962000 0.530188
1963000 0.52767
1964000 0.530496
1965000 0.528445
1966000 0.53154
1967000 0.523493
1968000 0.528639
1969000 0.529522
1970000 0.53136
1971000 0.52466
1972000 0.527641
1973000 0.529578
1974000 0.526602
1975000 0.539907
1976000 0.53286
1977000 0.536046
1978000 0.536493
1979000 0.536636
1980000 0.535651
1981000 0.536347
1982000 0.530832
1983000 0.536823
1984000 0.535991
1985000 0.537573
1986000 0.539088
1987000 0.533613
1988000 0.538158
1989000 0.536241
1990000 0.534904
1991000 0.544629
1992000 0.534716
1993000 0.538076
1994000 0.535763
1995000 0.523447
1996000 0.533451
1997000 0.536481
1998000 0.541056
1999000 0.535736
2000000 0.539965
2001000 0.542487
2002000 0.541834
2003000 0.534864
2004000 0.534791
2005000 0.529034
2006000 0.533348
2007000 0.533573
2008000 0.530268
2009000 0.533787
2010000 0.535537
2011000 0.536563
2012000 0.54281
2013000 0.533763
2014000 0.535542
2015000 0.538919
2016000 0.545307
2017000 0.542008
2018000 0.538458
2019000 0.536079
2020000 0.534439
2021000 0.533573
2022000 0.533642
2023000 0.539017
2024000 0.53156
2025000 0.530437
2026000 0.534802
2027000 0.538011
2028000 0.536493
2029000 0.539404
2030000 0.54131
2031000 0.53704
2032000 0.540884
2033000 0.530955
2034000 0.536668
2035000 0.533865
2036000 0.543925
2037000 0.534664
2038000 0.540359
2039000 0.540165
2040000 0.540493
2041000 0.542551
2042000 0.542987
2043000 0.54342
2044000 0.536735
2045000 0.544542
2046000 0.549018
2047000 0.552752
2048000 0.538062
2049000 0.546208
2050000 0.539361
2051000 0.545363
2052000 0.544765
2053000 0.54088
2054000 0.539737
2055000 0.539178
2056000 0.544623
2057000 0.541025
2058000 0.544599
2059000 0.541634
2060000 0.537476
2061000 0.530614
2062000 0.537298
2063000 0.538279
2064000 0.542954
2065000 0.53753
2066000 0.540534
2067000 0.542604
2068000 0.540243
2069000 0.538474
2070000 0.542385
2071000 0.54292
2072000 0.539486
2073000 0.540635
2074000 0.539237
2075000 0.544557
2076000 0.545564
2077000 0.54463
2078000 0.541272
2079000 0.54554
2080000 0.55023
2081000 0.545427
2082000 0.546084
2083000 0.543471
2084000 0.554878
2085000 0.546305
2086000 0.542275
2087000 0.547218
2088000 0.541039
2089000 0.545181
2090000 0.54611
2091000 0.540052
2092000 0.554013
2093000 0.54384
2094000 0.544411
2095000 0.541686
2096000 0.542353
2097000 0.539467
2098000 0.543559
2099000 0.546852
2100000 0.545315
2101000 0.54178
2102000 0.547769
2103000 0.540186
2104000 0.54544
2105000 0.544537
2106000 0.540235
2107000 0.541247
2108000 0.541913
2109000 0.542983
2110000 0.533197
2111000 0.539251
2112000 0.540387
2113000 0.54422
2114000 0.540995
2115000 0.539571
2116000 0.5419
2117000 0.53869
2118000 0.540478
2119000 0.544166
2120000 0.541785
2121000 0.543113
2122000 0.549173
2123000 0.531385
2124000 0.557007
2125000 0.540819
2126000 0.541811
2127000 0.541855
2128000 0.537731
2129000 0.5454
2130000 0.556969
2131000 0.541039
2132000 0.547489
2133000 0.546999
2134000 0.542863
2135000 0.541722
2136000 0.544148
2137000 0.545718
2138000 0.542192
2139000 0.548133
2140000 0.541238
2141000 0.551343
2142000 0.54216
2143000 0.551508
2144000 0.548142
2145000 0.557468
2146000 0.541764
2147000 0.545385
2148000 0.550523
2149000 0.544374
2150000 0.548461
2151000 0.544978
2152000 0.547319
2153000 0.54904
2154000 0.550489
2155000 0.544318
2156000 0.547794
2157000 0.548968
2158000 0.548825
2159000 0.539765
2160000 0.545174
2161000 0.542818
2162000 0.546107
2163000 0.548623
2164000 0.551013
2165000 0.549741
2166000 0.543329
2167000 0.548949
2168000 0.545541
2169000 0.552622
2170000 0.548109
2171000 0.545668
2172000 0.554497
2173000 0.545097
2174000 0.536656
2175000 0.55001
2176000 0.544129
2177000 0.545507
2178000 0.537342
2179000 0.543479
2180000 0.549574
2181000 0.547297
2182000 0.549211
2183000 0.546452
2184000 0.55261
2185000 0.548276
2186000 0.543508
2187000 0.540567
2188000 0.541079
2189000 0.547572
2190000 0.548684
2191000 0.549999
2192000 0.539116
2193000 0.541888
2194000 0.543112
2195000 0.546729
2196000 0.541425
2197000 0.545136
2198000 0.546107
2199000 0.543093
2200000 0.543793
2201000 0.541527
2202000 0.543148
2203000 0.551711
2204000 0.542685
2205000 0.548995
2206000 0.540341
2207000 0.538788
2208000 0.536734
2209000 0.541641
2210000 0.549026
2211000 0.544338
2212000 0.545049
2213000 0.54633
2214000 0.54431
2215000 0.542287
2216000 0.538502
2217000 0.547131
2218000 0.541688
2219000 0.553374
2220000 0.555321
2221000 0.538484
2222000 0.544288
2223000 0.547675
2224000 0.550577
2225000 0.544254
2226000 0.549924
2227000 0.545282
2228000 0.543529
2229000 0.547123
2230000 0.540759
2231000 0.550652
2232000 0.549369
2233000 0.548674
2234000 0.552933
2235000 0.54535
2236000 0.542699
2237000 0.540706
2238000 0.548198
2239000 0.55197
2240000 0.550016
2241000 0.543176
2242000 0.545053
2243000 0.552674
2244000 0.542174
2245000 0.537421
2246000 0.545643
2247000 0.544242
2248000 0.547808
2249000 0.543051
2250000 0.539934
2251000 0.544582
2252000 0.546949
2253000 0.539361
2254000 0.544377
2255000 0.551942
2256000 0.538382
2257000 0.554446
2258000 0.538546
2259000 0.545138
2260000 0.552948
2261000 0.549388
2262000 0.543622
2263000 0.548647
2264000 0.537306
2265000 0.544291
2266000 0.542689
2267000 0.541791
2268000 0.549113
2269000 0.549392
2270000 0.546256
2271000 0.548122
2272000 0.545894
2273000 0.548486
2274000 0.551854
2275000 0.539803
2276000 0.545396
2277000 0.53283
2278000 0.538658
2279000 0.548942
2280000 0.54823
2281000 0.550896
2282000 0.550295
2283000 0.535488
2284000 0.544375
2285000 0.545323
2286000 0.548231
2287000 0.543189
2288000 0.546994
2289000 0.543681
2290000 0.542255
2291000 0.545642
2292000 0.544097
2293000 0.549914
2294000 0.547875
2295000 0.549258
2296000 0.558497
2297000 0.552709
2298000 0.54776
2299000 0.544734
2300000 0.545772
2301000 0.546735
2302000 0.54669
2303000 0.548934
2304000 0.541679
2305000 0.548972
2306000 0.548254
2307000 0.540545
2308000 0.53895
2309000 0.541491
2310000 0.542065
2311000 0.547891
2312000 0.53798
2313000 0.542897
2314000 0.547901
2315000 0.544733
2316000 0.544357
2317000 0.540674
2318000 0.549106
2319000 0.544405
2320000 0.545994
2321000 0.544736
2322000 0.546112
2323000 0.552411
2324000 0.544028
2325000 0.553625
2326000 0.54668
2327000 0.551037
2328000 0.547266
2329000 0.551381
2330000 0.546314
2331000 0.542317
2332000 0.54007
2333000 0.540401
2334000 0.547748
2335000 0.546026
2336000 0.543109
2337000 0.546481
2338000 0.551265
2339000 0.536896
2340000 0.552255
2341000 0.540208
2342000 0.541984
2343000 0.535277
2344000 0.548586
2345000 0.540704
2346000 0.550394
2347000 0.548156
2348000 0.544855
2349000 0.548951
2350000 0.544617
2351000 0.547686
2352000 0.540593
2353000 0.552281
2354000 0.543514
2355000 0.546248
2356000 0.547123
2357000 0.547226
2358000 0.536683
2359000 0.551142
2360000 0.545768
2361000 0.547502
2362000 0.541642
2363000 0.549355
2364000 0.54706
2365000 0.542728
2366000 0.542892
2367000 0.544516
2368000 0.544347
2369000 0.545195
2370000 0.538707
2371000 0.549449
2372000 0.552012
2373000 0.548153
2374000 0.542993
2375000 0.543349
2376000 0.543999
2377000 0.53924
2378000 0.547712
2379000 0.535144
2380000 0.530352
2381000 0.541668
2382000 0.541418
2383000 0.539373
2384000 0.536315
2385000 0.547455
2386000 0.542912
2387000 0.540171
2388000 0.545832
2389000 0.544438
2390000 0.534917
2391000 0.533981
2392000 0.540106
2393000 0.535778
2394000 0.541271
2395000 0.537003
2396000 0.537217
2397000 0.540929
2398000 0.539653
2399000 0.53688
2400000 0.539656
2401000 0.532325
2402000 0.531454
2403000 0.539165
2404000 0.540208
2405000 0.535509
2406000 0.542211
2407000 0.542687
2408000 0.533734
2409000 0.545693
2410000 0.540044
2411000 0.537454
2412000 0.536211
2413000 0.546554
2414000 0.536103
2415000 0.543381
2416000 0.544284
2417000 0.546485
2418000 0.540576
2419000 0.539017
2420000 0.5391
2421000 0.532743
2422000 0.534762
2423000 0.530054
2424000 0.536529
2425000 0.528475
2426000 0.53906
2427000 0.536306
2428000 0.538286
2429000 0.533121
2430000 0.532687
2431000 0.530828
2432000 0.53267
2433000 0.53282
2434000 0.533033
2435000 0.542033
2436000 0.538749
2437000 0.541752
2438000 0.536931
2439000 0.54149
2440000 0.533841
2441000 0.547994
2442000 0.536698
2443000 0.544621
2444000 0.532847
2445000 0.539936
2446000 0.53654
2447000 0.536849
2448000 0.543559
2449000 0.544887
2450000 0.548724
2451000 0.542785
2452000 0.537785
2453000 0.539065
2454000 0.542757
2455000 0.53829
2456000 0.548411
2457000 0.538422
2458000 0.548597
2459000 0.544428
2460000 0.547151
2461000 0.541691
2462000 0.55524
2463000 0.549679
2464000 0.550941
2465000 0.549518
2466000 0.549115
2467000 0.554117
2468000 0.54414
2469000 0.540538
2470000 0.542982
2471000 0.552474
2472000 0.550785
2473000 0.54636
2474000 0.543529
2475000 0.549348
2476000 0.549249
2477000 0.549666
2478000 0.548777
2479000 0.552886
2480000 0.555245
2481000 0.551357
2482000 0.545837
2483000 0.54398
2484000 0.545362
2485000 0.5441
2486000 0.537918
2487000 0.540595
2488000 0.547861
2489000 0.541445
2490000 0.536203
2491000 0.539999
2492000 0.54376
2493000 0.542259
2494000 0.550323
2495000 0.545564
2496000 0.546699
2497000 0.546551
2498000 0.541195
2499000 0.540116
2500000 0.540567
2501000 0.544404
2502000 0.537968
2503000 0.541611
2504000 0.542031
2505000 0.541468
2506000 0.538381
2507000 0.536257
2508000 0.534398
2509000 0.544285
2510000 0.539789
2511000 0.544367
2512000 0.537317
2513000 0.539283
2514000 0.540914
2515000 0.542925
2516000 0.540167
2517000 0.545116
2518000 0.539294
2519000 0.543202
2520000 0.54688
2521000 0.541927
2522000 0.543268
2523000 0.538244
2524000 0.534007
2525000 0.536434
2526000 0.5378
2527000 0.539672
2528000 0.539633
2529000 0.542315
2530000 0.54118
2531000 0.532594
2532000 0.535735
2533000 0.531209
2534000 0.539414
2535000 0.542901
2536000 0.539866
2537000 0.540456
2538000 0.534988
2539000 0.547545
2540000 0.541785
2541000 0.544698
2542000 0.547405
2543000 0.548714
2544000 0.534475
2545000 0.549617
2546000 0.538835
2547000 0.540698
2548000 0.545498
2549000 0.541905
2550000 0.544262
2551000 0.543368
2552000 0.542035
2553000 0.5434
2554000 0.547477
2555000 0.540527
2556000 0.554842
2557000 0.549066
2558000 0.543024
2559000 0.544785
2560000 0.542372
2561000 0.537154
2562000 0.546988
2563000 0.539518
2564000 0.542864
2565000 0.542365
2566000 0.544636
2567000 0.539815
2568000 0.54273
2569000 0.545935
2570000 0.542554
2571000 0.541235
2572000 0.542743
2573000 0.545785
2574000 0.545669
2575000 0.549696
2576000 0.537094
2577000 0.53747
2578000 0.541793
2579000 0.533733
2580000 0.536171
2581000 0.544918
2582000 0.545368
2583000 0.542799
2584000 0.54285
2585000 0.539059
2586000 0.548007
2587000 0.545638
2588000 0.539032
2589000 0.546864
2590000 0.541971
2591000 0.545745
2592000 0.544147
2593000 0.550216
2594000 0.542991
2595000 0.550279
2596000 0.541613
2597000 0.5392
2598000 0.544566
2599000 0.531694
2600000 0.536287
2601000 0.536363
2602000 0.541173
2603000 0.541935
2604000 0.548608
2605000 0.541411
2606000 0.540607
2607000 0.539037
2608000 0.542232
2609000 0.544305
2610000 0.54347
2611000 0.54345
2612000 0.545571
2613000 0.545325
2614000 0.54293
2615000 0.540723
2616000 0.536386
2617000 0.546789
2618000 0.54591
2619000 0.549717
2620000 0.547292
2621000 0.545649
2622000 0.536702
2623000 0.544356
2624000 0.542131
2625000 0.540747
2626000 0.542416
2627000 0.545463
2628000 0.535567
2629000 0.537293
2630000 0.541423
2631000 0.540438
2632000 0.548012
2633000 0.539616
2634000 0.547767
2635000 0.537296
2636000 0.542259
2637000 0.542137
2638000 0.534206
2639000 0.540468
2640000 0.533544
2641000 0.532244
2642000 0.536443
2643000 0.530979
2644000 0.537141
2645000 0.539226
2646000 0.531419
2647000 0.532943
2648000 0.540879
2649000 0.53843
2650000 0.539903
2651000 0.546179
2652000 0.539291
2653000 0.538269
2654000 0.534644
2655000 0.533733
2656000 0.536906
2657000 0.542565
2658000 0.532128
2659000 0.536949
2660000 0.537367
2661000 0.53844
2662000 0.539674
2663000 0.544062
2664000 0.542403
2665000 0.539979
2666000 0.547548
2667000 0.545135
2668000 0.553102
2669000 0.548484
2670000 0.547295
2671000 0.553113
2672000 0.553624
2673000 0.548473
2674000 0.543719
2675000 0.548408
2676000 0.537605
2677000 0.541774
2678000 0.54621
2679000 0.539923
2680000 0.542228
2681000 0.543725
2682000 0.542224
2683000 0.545833
2684000 0.543433
2685000 0.542882
2686000 0.538177
2687000 0.544462
2688000 0.535525
2689000 0.54333
2690000 0.548872
2691000 0.541538
2692000 0.544564
2693000 0.542955
2694000 0.547792
2695000 0.542239
2696000 0.542869
2697000 0.542909
2698000 0.546727
2699000 0.546442
2700000 0.546819
2701000 0.542795
2702000 0.553992
2703000 0.540595
2704000 0.551221
2705000 0.544917
2706000 0.548452
2707000 0.538105
2708000 0.545943
2709000 0.541446
2710000 0.543943
2711000 0.541344
2712000 0.537053
2713000 0.538971
2714000 0.544021
2715000 0.547066
2716000 0.54478
2717000 0.542337
2718000 0.542327
2719000 0.550277
2720000 0.537889
2721000 0.547969
2722000 0.536769
2723000 0.53877
2724000 0.539077
2725000 0.537479
2726000 0.534862
2727000 0.53859
2728000 0.537125
2729000 0.5432
2730000 0.532066
2731000 0.535759
2732000 0.545255
2733000 0.536989
2734000 0.536788
2735000 0.543519
2736000 0.538174
2737000 0.543149
2738000 0.547403
2739000 0.531226
2740000 0.537424
2741000 0.534959
2742000 0.539072
2743000 0.534813
2744000 0.533604
2745000 0.535671
2746000 0.539337
2747000 0.535932
2748000 0.530504
2749000 0.53155
2750000 0.536109
2751000 0.541366
2752000 0.539939
2753000 0.539241
2754000 0.536153
2755000 0.540402
2756000 0.535085
2757000 0.540422
2758000 0.531245
2759000 0.537705
2760000 0.537651
2761000 0.535166
2762000 0.536015
2763000 0.52856
2764000 0.531302
2765000 0.533349
2766000 0.545001
2767000 0.537234
2768000 0.535339
2769000 0.527601
2770000 0.540627
2771000 0.53009
2772000 0.542122
2773000 0.540533
2774000 0.534103
2775000 0.526818
2776000 0.542907
2777000 0.529091
2778000 0.534087
2779000 0.536536
2780000 0.534179
2781000 0.523957
2782000 0.52411
2783000 0.536239
2784000 0.538408
2785000 0.544495
2786000 0.535811
2787000 0.531086
2788000 0.529855
2789000 0.535106
2790000 0.534306
2791000 0.539448
2792000 0.536244
2793000 0.539696
2794000 0.531621
2795000 0.531918
2796000 0.534281
2797000 0.522927
2798000 0.541176
2799000 0.53784
2800000 0.537071
2801000 0.542791
2802000 0.535339
2803000 0.539406
2804000 0.537819
2805000 0.536733
2806000 0.544472
2807000 0.540668
2808000 0.543292
2809000 0.538613
2810000 0.539953
2811000 0.538085
2812000 0.541637
2813000 0.536375
2814000 0.534734
2815000 0.542478
2816000 0.538693
2817000 0.543826
2818000 0.537748
2819000 0.537974
2820000 0.542806
2821000 0.549063
2822000 0.539857
2823000 0.542249
2824000 0.543842
2825000 0.539718
2826000 0.53901
2827000 0.53858
2828000 0.537
2829000 0.52999
2830000 0.538105
2831000 0.537455
2832000 0.534696
2833000 0.543289
2834000 0.542142
2835000 0.539147
2836000 0.5408
2837000 0.545089
2838000 0.544199
2839000 0.539896
2840000 0.539179
2841000 0.541956
2842000 0.54346
2843000 0.532424
2844000 0.555014
2845000 0.540158
2846000 0.548334
2847000 0.544751
2848000 0.546514
2849000 0.540657
2850000 0.54245
2851000 0.54305
2852000 0.543821
2853000 0.550703
2854000 0.531335
2855000 0.541681
2856000 0.533028
2857000 0.537337
2858000 0.53635
2859000 0.543185
2860000 0.530344
2861000 0.54248
2862000 0.540311
2863000 0.541291
2864000 0.527901
2865000 0.539768
2866000 0.537412
2867000 0.536642
2868000 0.537641
2869000 0.53901
2870000 0.527722
2871000 0.545068
2872000 0.528971
2873000 0.537647
2874000 0.540326
2875000 0.536595
2876000 0.542446
2877000 0.540624
2878000 0.535322
2879000 0.539001
2880000 0.53586
2881000 0.531609
2882000 0.540695
2883000 0.530452
2884000 0.541855
2885000 0.534374
2886000 0.539113
2887000 0.534349
2888000 0.53975
2889000 0.530329
2890000 0.534182
2891000 0.53918
2892000 0.534056
2893000 0.528476
2894000 0.528968
2895000 0.533199
2896000 0.525097
2897000 0.531088
2898000 0.537224
2899000 0.529357
2900000 0.52716
2901000 0.532114
2902000 0.523045
2903000 0.524948
2904000 0.53285
2905000 0.530564
2906000 0.528368
2907000 0.53078
2908000 0.528352
2909000 0.52998
2910000 0.526036
2911000 0.527379
2912000 0.535132
2913000 0.530132
2914000 0.541748
2915000 0.533539
2916000 0.531119
2917000 0.529792
2918000 0.530089
2919000 0.521919
2920000 0.531376
2921000 0.536788
2922000 0.527636
2923000 0.536002
2924000 0.533086
2925000 0.540047
2926000 0.529046
2927000 0.539137
2928000 0.535669
2929000 0.535219
2930000 0.536434
2931000 0.533193
2932000 0.531546
2933000 0.537169
2934000 0.538964
2935000 0.529804
2936000 0.532484
2937000 0.527658
2938000 0.535612
2939000 0.527688
2940000 0.529341
2941000 0.524585
2942000 0.53201
2943000 0.523769
2944000 0.535064
2945000 0.529227
2946000 0.542673
2947000 0.533374
2948000 0.530261
2949000 0.526704
2950000 0.529706
2951000 0.52987
2952000 0.532003
2953000 0.530195
2954000 0.536711
2955000 0.530915
2956000 0.532046
2957000 0.532084
2958000 0.531301
2959000 0.536051
2960000 0.527218
2961000 0.538935
2962000 0.537815
2963000 0.534605
2964000 0.538759
2965000 0.545545
2966000 0.542812
2967000 0.535864
2968000 0.52951
2969000 0.533934
2970000 0.535003
2971000 0.535827
2972000 0.536454
2973000 0.534317
2974000 0.532709
2975000 0.536678
2976000 0.531791
2977000 0.528308
2978000 0.536718
2979000 0.531621
2980000 0.539349
2981000 0.539736
2982000 0.538629
2983000 0.530329
2984000 0.537506
2985000 0.537543
2986000 0.534658
2987000 0.543999
2988000 0.543045
2989000 0.538535
2990000 0.541977
2991000 0.536579
2992000 0.533786
2993000 0.550265
2994000 0.542867
2995000 0.54123
2996000 0.542893
2997000 0.551848
2998000 0.531549
2999000 0.540235
3000000 0.541615
3001000 0.539805
3002000 0.541732
3003000 0.540846
3004000 0.540843
3005000 0.538675
3006000 0.539608
3007000 0.539209
3008000 0.537937
3009000 0.537287
3010000 0.539712
3011000 0.533698
3012000 0.531002
3013000 0.536742
3014000 0.535472
3015000 0.542141
3016000 0.537813
3017000 0.532173
3018000 0.531341
3019000 0.544373
3020000 0.537698
3021000 0.540718
3022000 0.534385
3023000 0.541354
3024000 0.538929
3025000 0.539607
3026000 0.537812
3027000 0.540869
3028000 0.539564
3029000 0.538947
3030000 0.541859
3031000 0.544402
3032000 0.546048
3033000 0.541474
3034000 0.547002
3035000 0.53998
3036000 0.541793
3037000 0.542407
3038000 0.540834
3039000 0.535329
3040000 0.540368
3041000 0.540603
3042000 0.545845
3043000 0.545959
3044000 0.54249
3045000 0.544222
3046000 0.541192
3047000 0.541909
3048000 0.554724
3049000 0.549485
3050000 0.540197
3051000 0.546141
3052000 0.54241
3053000 0.54737
3054000 0.548605
3055000 0.548325
3056000 0.540155
3057000 0.554705
3058000 0.539248
3059000 0.544054
3060000 0.545308
3061000 0.54166
3062000 0.544926
3063000 0.537685
3064000 0.537786
3065000 0.535717
3066000 0.532534
3067000 0.539971
3068000 0.542245
3069000 0.546089
3070000 0.537078
3071000 0.538371
3072000 0.540258
3073000 0.544572
3074000 0.536475
3075000 0.539192
3076000 0.539799
3077000 0.536142
3078000 0.542896
3079000 0.54658
3080000 0.543005
3081000 0.543649
3082000 0.551022
3083000 0.54153
3084000 0.548297
3085000 0.543675
3086000 0.545424
3087000 0.541792
3088000 0.548244
3089000 0.55374
3090000 0.544191
3091000 0.541985
3092000 0.540327
3093000 0.541368
3094000 0.549491
3095000 0.548629
3096000 0.548908
3097000 0.551564
3098000 0.539335
3099000 0.555951
3100000 0.543941
3101000 0.548409
3102000 0.540142
3103000 0.545299
3104000 0.550816
3105000 0.545828
3106000 0.552848
3107000 0.550093
3108000 0.551988
3109000 0.548911
3110000 0.54753
3111000 0.54153
3112000 0.544132
3113000 0.53862
3114000 0.54303
3115000 0.54627
3116000 0.541601
3117000 0.538841
3118000 0.535844
3119000 0.540374
3120000 0.547823
3121000 0.541935
3122000 0.547723
3123000 0.545976
3124000 0.528901
3125000 0.536856
3126000 0.540598
3127000 0.536462
3128000 0.535256
3129000 0.536506
3130000 0.532177
3131000 0.540933
3132000 0.532431
3133000 0.539055
3134000 0.540091
3135000 0.535412
3136000 0.545911
3137000 0.535944
3138000 0.544586
3139000 0.534471
3140000 0.540033
3141000 0.540489
3142000 0.538537
3143000 0.536537
3144000 0.535166
3145000 0.531192
3146000 0.534708
3147000 0.533754
3148000 0.533209
3149000 0.529464
3150000 0.537413
3151000 0.541322
3152000 0.532542
3153000 0.53524
3154000 0.540506
3155000 0.53448
3156000 0.528735
3157000 0.537556
3158000 0.532203
3159000 0.540433
3160000 0.539925
3161000 0.535422
3162000 0.537355
3163000 0.536614
3164000 0.538366
3165000 0.538462
3166000 0.534288
3167000 0.538229
3168000 0.540739
3169000 0.528954
3170000 0.536809
3171000 0.52943
3172000 0.537183
3173000 0.539132
3174000 0.544317
3175000 0.54184
3176000 0.542659
3177000 0.544766
3178000 0.549184
3179000 0.548153
3180000 0.545682
3181000 0.549246
3182000 0.545103
3183000 0.544895
3184000 0.547032
3185000 0.553374
3186000 0.541973
3187000 0.550559
3188000 0.53809
3189000 0.553534
3190000 0.543422
3191000 0.53993
3192000 0.540366
3193000 0.544748
3194000 0.542871
3195000 0.54537
3196000 0.548218
3197000 0.541417
3198000 0.538786
3199000 0.541624
3200000 0.5493
3201000 0.547386
3202000 0.550483
3203000 0.548941
3204000 0.546433
3205000 0.551964
3206000 0.548595
3207000 0.546734
3208000 0.544513
3209000 0.55697
3210000 0.540959
3211000 0.542656
3212000 0.540563
3213000 0.55161
3214000 0.5468
3215000 0.545628
3216000 0.541972
3217000 0.540933
3218000 0.549423
3219000 0.542921
3220000 0.539837
3221000 0.547654
3222000 0.550447
3223000 0.550889
3224000 0.547617
3225000 0.54751
3226000 0.549385
3227000 0.54893
3228000 0.551637
3229000 0.549317
3230000 0.547135
3231000 0.549296
3232000 0.548495
3233000 0.549967
3234000 0.541906
3235000 0.549338
3236000 0.544649
3237000 0.545631
3238000 0.543084
3239000 0.55153
3240000 0.538719
3241000 0.540433
3242000 0.542528
3243000 0.543476
3244000 0.5498
3245000 0.541509
3246000 0.537395
3247000 0.54162
3248000 0.539148
3249000 0.534532
3250000 0.536146
3251000 0.535618
3252000 0.538015
3253000 0.532912
3254000 0.5369
3255000 0.531706
3256000 0.537967
3257000 0.536564
3258000 0.537131
3259000 0.537931
3260000 0.536697
3261000 0.535412
3262000 0.539137
3263000 0.540078
3264000 0.545195
3265000 0.535988
3266000 0.542619
3267000 0.535473
3268000 0.537587
3269000 0.540034
3270000 0.540038
3271000 0.546074
3272000 0.54067
3273000 0.543235
3274000 0.537131
3275000 0.54558
3276000 0.539675
3277000 0.542849
3278000 0.543012
3279000 0.550531
3280000 0.537148
3281000 0.541663
3282000 0.542319
3283000 0.544523
3284000 0.540785
3285000 0.546585
3286000 0.538807
3287000 0.533817
3288000 0.546549
3289000 0.547093
3290000 0.549624
3291000 0.542037
3292000 0.542494
3293000 0.54785
3294000 0.553838
3295000 0.543484
3296000 0.548414
3297000 0.539761
3298000 0.552604
3299000 0.549368
3300000 0.547644
3301000 0.551521
3302000 0.544467
3303000 0.543423
3304000 0.554168
3305000 0.551114
3306000 0.551971
3307000 0.550672
3308000 0.55083
3309000 0.548475
3310000 0.545389
3311000 0.549102
3312000 0.551479
3313000 0.549259
3314000 0.544979
3315000 0.554367
3316000 0.551601
3317000 0.549842
3318000 0.55476
3319000 0.5421
3320000 0.541715
3321000 0.54843
3322000 0.546484
3323000 0.541231
3324000 0.547228
3325000 0.546666
3326000 0.545759
3327000 0.54922
3328000 0.548142
3329000 0.549242
3330000 0.556373
3331000 0.55426
3332000 0.543642
3333000 0.551515
3334000 0.544837
3335000 0.551578
3336000 0.547151
3337000 0.541414
3338000 0.544489
3339000 0.546807
3340000 0.543894
3341000 0.541243
3342000 0.548459
3343000 0.547518
3344000 0.550271
3345000 0.548742
3346000 0.543202
3347000 0.543467
3348000 0.55742
3349000 0.542117
3350000 0.545786
3351000 0.548643
3352000 0.544306
3353000 0.539304
3354000 0.554548
3355000 0.5547
3356000 0.541314
3357000 0.555643
3358000 0.542721
3359000 0.546896
3360000 0.5445
3361000 0.549251
3362000 0.544141
3363000 0.54129
3364000 0.548703
3365000 0.550258
3366000 0.546035
3367000 0.538459
3368000 0.543228
3369000 0.543261
3370000 0.546204
3371000 0.542057
3372000 0.545035
3373000 0.547246
3374000 0.547552
3375000 0.541869
3376000 0.546926
3377000 0.544508
3378000 0.555245
3379000 0.550031
3380000 0.548085
3381000 0.552782
3382000 0.544992
3383000 0.552111
3384000 0.553126
3385000 0.548971
3386000 0.535458
3387000 0.545575
3388000 0.541935
3389000 0.549464
3390000 0.540639
3391000 0.547622
3392000 0.545641
3393000 0.547702
3394000 0.539668
3395000 0.548417
3396000 0.544443
3397000 0.547999
3398000 0.536881
3399000 0.546133
3400000 0.550871
3401000 0.545607
3402000 0.550363
3403000 0.548038
3404000 0.546362
3405000 0.541085
3406000 0.551346
3407000 0.541311
3408000 0.552142
3409000 0.540428
3410000 0.543655
3411000 0.536524
3412000 0.547881
3413000 0.537598
3414000 0.545831
3415000 0.547399
3416000 0.5418
3417000 0.543988
3418000 0.544222
3419000 0.554148
3420000 0.546453
3421000 0.552607
3422000 0.547588
3423000 0.554834
3424000 0.552729
3425000 0.557226
3426000 0.541774
3427000 0.555592
3428000 0.547206
3429000 0.548973
3430000 0.551068
3431000 0.549522
3432000 0.540358
3433000 0.547762
3434000 0.545671
3435000 0.543866
3436000 0.552043
3437000 0.542352
3438000 0.552104
3439000 0.550173
3440000 0.548003
3441000 0.53924
3442000 0.549152
3443000 0.536204
3444000 0.544366
3445000 0.539295
3446000 0.55175
3447000 0.547212
3448000 0.554736
3449000 0.54859
3450000 0.544992
3451000 0.544281
3452000 0.543503
3453000 0.545705
3454000 0.544438
3455000 0.551468
3456000 0.537691
3457000 0.548651
3458000 0.541034
3459000 0.551445
3460000 0.539553
3461000 0.551062
3462000 0.541253
3463000 0.543818
3464000 0.545212
3465000 0.546293
3466000 0.532773
3467000 0.545889
3468000 0.543661
3469000 0.536129
3470000 0.540062
3471000 0.540044
3472000 0.542095
3473000 0.540362
3474000 0.537059
3475000 0.545814
3476000 0.541698
3477000 0.535168
3478000 0.543736
3479000 0.533872
3480000 0.543963
3481000 0.534282
3482000 0.542649
3483000 0.542404
3484000 0.543647
3485000 0.542202
3486000 0.547025
3487000 0.540208
3488000 0.544534
3489000 0.542324
3490000 0.543014
3491000 0.548876
3492000 0.543075
3493000 0.543432
3494000 0.546806
3495000 0.550885
3496000 0.546622
3497000 0.542151
3498000 0.550077
3499000 0.55635
3500000 0.539708
3501000 0.548949
3502000 0.548995
3503000 0.548195
3504000 0.549671
3505000 0.553561
3506000 0.551653
3507000 0.550945
3508000 0.558073
3509000 0.553503
3510000 0.545819
3511000 0.555616
3512000 0.551418
3513000 0.553085
3514000 0.565505
3515000 0.553213
3516000 0.551154
3517000 0.551753
3518000 0.550828
3519000 0.548346
3520000 0.556208
3521000 0.550864
3522000 0.546937
3523000 0.54888
3524000 0.549765
3525000 0.554132
3526000 0.55233
3527000 0.546813
3528000 0.547587
3529000 0.556751
3530000 0.546683
3531000 0.549024
3532000 0.553959
3533000 0.547947
3534000 0.550152
3535000 0.549762
3536000 0.554929
3537000 0.549765
3538000 0.554108
3539000 0.541071
3540000 0.546055
3541000 0.556045
3542000 0.548354
3543000 0.550449
3544000 0.549214
3545000 0.540414
3546000 0.545706
3547000 0.547248
3548000 0.549159
3549000 0.544421
3550000 0.544294
3551000 0.554665
3552000 0.553237
3553000 0.542045
3554000 0.555229
3555000 0.551013
3556000 0.543651
3557000 0.552841
3558000 0.542509
3559000 0.544325
3560000 0.538859
3561000 0.545058
3562000 0.540798
3563000 0.544963
3564000 0.550834
3565000 0.548485
3566000 0.553601
3567000 0.553242
3568000 0.546449
3569000 0.545873
3570000 0.542123
3571000 0.550139
3572000 0.544663
3573000 0.548115
3574000 0.552601
3575000 0.545838
3576000 0.545382
3577000 0.549731
3578000 0.551076
3579000 0.549397
3580000 0.55189
3581000 0.543377
3582000 0.546179
3583000 0.548166
3584000 0.551017
3585000 0.562032
3586000 0.549538
3587000 0.553918
3588000 0.55372
3589000 0.550344
3590000 0.548864
3591000 0.551172
3592000 0.557752
3593000 0.554169
3594000 0.549693
3595000 0.544003
3596000 0.551785
3597000 0.549794
3598000 0.544271
3599000 0.547941
3600000 0.55234
3601000 0.546392
3602000 0.545621
3603000 0.5508
3604000 0.536159
3605000 0.550313
3606000 0.544405
3607000 0.545508
3608000 0.544366
3609000 0.554146
3610000 0.548406
3611000 0.547698
3612000 0.546792
3613000 0.543434
3614000 0.546773
3615000 0.558264
3616000 0.552712
3617000 0.552182
3618000 0.558127
3619000 0.545659
3620000 0.554484
3621000 0.540237
3622000 0.555118
3623000 0.554894
3624000 0.550032
3625000 0.552562
3626000 0.550025
3627000 0.55951
3628000 0.554746
3629000 0.550884
3630000 0.562269
3631000 0.550516
3632000 0.557586
3633000 0.559435
3634000 0.550779
3635000 0.555049
3636000 0.552085
3637000 0.559704
3638000 0.554356
3639000 0.551703
3640000 0.553906
3641000 0.558784
3642000 0.552705
3643000 0.553451
3644000 0.558284
3645000 0.552551
3646000 0.556775
3647000 0.55475
3648000 0.542466
3649000 0.559131
3650000 0.553466
3651000 0.549408
3652000 0.54951
3653000 0.55081
3654000 0.550607
3655000 0.556956
3656000 0.557017
3657000 0.556793
3658000 0.558012
3659000 0.558423
3660000 0.558123
3661000 0.551137
3662000 0.553639
3663000 0.563907
3664000 0.548894
3665000 0.551511
3666000 0.554488
3667000 0.556692
3668000 0.556351
3669000 0.556725
3670000 0.557146
3671000 0.5592
3672000 0.552573
3673000 0.545678
3674000 0.559173
3675000 0.555355
3676000 0.55836
3677000 0.555991
3678000 0.555529
3679000 0.556109
3680000 0.557774
3681000 0.550718
3682000 0.551803
3683000 0.550724
3684000 0.546181
3685000 0.555923
3686000 0.557303
3687000 0.549676
3688000 0.551871
3689000 0.549254
3690000 0.554953
3691000 0.544647
3692000 0.55651
3693000 0.555144
3694000 0.546046
3695000 0.546674
3696000 0.546905
3697000 0.547364
3698000 0.547164
3699000 0.544462
3700000 0.545494
3701000 0.545283
3702000 0.537659
3703000 0.547901
3704000 0.545656
3705000 0.542225
3706000 0.54753
3707000 0.546026
3708000 0.550947
3709000 0.545859
3710000 0.540989
3711000 0.542926
3712000 0.54403
3713000 0.543863
3714000 0.539241
3715000 0.535592
3716000 0.538236
3717000 0.540036
3718000 0.541282
3719000 0.54446
3720000 0.542813
3721000 0.548119
3722000 0.5507
3723000 0.54876
3724000 0.554849
3725000 0.548217
3726000 0.545555
3727000 0.546476
3728000 0.547123
3729000 0.556735
3730000 0.538218
3731000 0.547484
3732000 0.546042
3733000 0.540977
3734000 0.547917
3735000 0.553938
3736000 0.547454
3737000 0.551125
3738000 0.545836
3739000 0.550942
3740000 0.553338
3741000 0.551923
3742000 0.557405
3743000 0.548679
3744000 0.548498
3745000 0.551169
3746000 0.54348
3747000 0.550051
3748000 0.552406
3749000 0.541422
3750000 0.554087
3751000 0.553266
3752000 0.550998
3753000 0.54843
3754000 0.55899
3755000 0.553812
3756000 0.552881
3757000 0.555077
3758000 0.555351
3759000 0.560394
3760000 0.548645
3761000 0.555097
3762000 0.551626
3763000 0.548453
3764000 0.552777
3765000 0.55761
3766000 0.551529
3767000 0.550605
3768000 0.554895
3769000 0.552066
3770000 0.548064
3771000 0.546726
3772000 0.54522
3773000 0.545014
3774000 0.548877
3775000 0.550654
3776000 0.549391
3777000 0.54689
3778000 0.552877
3779000 0.550246
3780000 0.553007
3781000 0.550671
3782000 0.54625
3783000 0.552028
3784000 0.544383
3785000 0.555351
3786000 0.556879
3787000 0.559233
3788000 0.551491
3789000 0.553632
3790000 0.551737
3791000 0.557902
3792000 0.556221
3793000 0.560605
3794000 0.550499
3795000 0.551121
3796000 0.550426
3797000 0.546893
3798000 0.560354
3799000 0.556955
3800000 0.548199
3801000 0.558182
3802000 0.556585
3803000 0.558168
3804000 0.56062
3805000 0.558428
3806000 0.561433
3807000 0.563291
3808000 0.557076
3809000 0.553522
3810000 0.553248
3811000 0.552651
3812000 0.553436
3813000 0.555567
3814000 0.555843
3815000 0.555332
3816000 0.5526
3817000 0.560708
3818000 0.561386
3819000 0.55903
3820000 0.555104
3821000 0.553051
3822000 0.560918
3823000 0.557418
3824000 0.552527
3825000 0.552929
3826000 0.550622
3827000 0.550818
3828000 0.56466
3829000 0.555216
3830000 0.561168
3831000 0.551203
3832000 0.560632
3833000 0.565768
3834000 0.559527
3835000 0.558235
3836000 0.55898
3837000 0.562031
3838000 0.557776
3839000 0.561831
3840000 0.561107
3841000 0.55667
3842000 0.557994
3843000 0.550393
3844000 0.557983
3845000 0.557006
3846000 0.565063
3847000 0.55842
3848000 0.555001
3849000 0.567455
3850000 0.566401
3851000 0.559764
3852000 0.562719
3853000 0.556314
3854000 0.556486
3855000 0.570875
3856000 0.559079
3857000 0.554763
3858000 0.565345
3859000 0.561785
3860000 0.559295
3861000 0.558068
3862000 0.5571
3863000 0.560976
3864000 0.563514
3865000 0.563516
3866000 0.557754
3867000 0.554952
3868000 0.559937
3869000 0.559698
3870000 0.558695
3871000 0.555674
3872000 0.554436
3873000 0.562204
3874000 0.56423
3875000 0.562204
3876000 0.557681
3877000 0.564122
3878000 0.558735
3879000 0.563853
3880000 0.556732
3881000 0.563497
3882000 0.552707
3883000 0.557837
3884000 0.565866
3885000 0.555891
3886000 0.566243
3887000 0.557926
3888000 0.556237
3889000 0.565136
3890000 0.567024
3891000 0.567476
3892000 0.562294
3893000 0.567696
3894000 0.567251
3895000 0.559977
3896000 0.560116
3897000 0.564248
3898000 0.563748
3899000 0.558878
3900000 0.556464
3901000 0.564164
3902000 0.555309
3903000 0.561074
3904000 0.561113
3905000 0.549424
3906000 0.553587
3907000 0.553801
3908000 0.553759
3909000 0.558937
3910000 0.553827
3911000 0.562746
3912000 0.557238
3913000 0.560202
3914000 0.563141
3915000 0.549961
3916000 0.561403
3917000 0.551091
3918000 0.558469
3919000 0.555607
3920000 0.558065
3921000 0.56103
3922000 0.555477
3923000 0.559478
3924000 0.561577
3925000 0.552584
3926000 0.560484
3927000 0.558094
3928000 0.55708
3929000 0.561805
3930000 0.557784
3931000 0.562607
3932000 0.557846
3933000 0.563468
3934000 0.549736
3935000 0.561214
3936000 0.552621
3937000 0.553153
3938000 0.5519
3939000 0.560056
3940000 0.553737
3941000 0.555532
3942000 0.55597
3943000 0.554703
3944000 0.549394
3945000 0.558458
3946000 0.554745
3947000 0.554227
3948000 0.562702
3949000 0.55876
3950000 0.557603
3951000 0.564519
3952000 0.56562
3953000 0.558716
3954000 0.570262
3955000 0.561421
3956000 0.566072
3957000 0.562753
3958000 0.555913
3959000 0.56532
3960000 0.565224
3961000 0.560134
3962000 0.556781
3963000 0.555503
3964000 0.55457
3965000 0.555393
3966000 0.553853
3967000 0.55011
3968000 0.550583
3969000 0.551328
3970000 0.555226
3971000 0.550444
3972000 0.552362
3973000 0.553213
3974000 0.555122
3975000 0.548867
3976000 0.54845
3977000 0.548438
3978000 0.554227
3979000 0.545324
3980000 0.548731
3981000 0.548916
3982000 0.551299
3983000 0.556005
3984000 0.552273
3985000 0.557599
3986000 0.554727
3987000 0.557557
3988000 0.549441
3989000 0.551459
3990000 0.549259
3991000 0.556907
3992000 0.545039
3993000 0.555959
3994000 0.5533
3995000 0.549975
3996000 0.552723
3997000 0.549657
3998000 0.557228
3999000 0.554394
4000000 0.554074
4001000 0.549193
4002000 0.550116
4003000 0.548216
4004000 0.554471
4005000 0.551339
4006000 0.554361
4007000 0.546984
4008000 0.554642
4009000 0.558716
4010000 0.552406
4011000 0.554603
4012000 0.555323
4013000 0.553962
4014000 0.548349
4015000 0.546178
4016000 0.546842
4017000 0.54986
4018000 0.551276
4019000 0.556707
4020000 0.554986
4021000 0.555606
4022000 0.567187
4023000 0.547439
4024000 0.554132
4025000 0.55379
4026000 0.553666
4027000 0.557073
4028000 0.558638
4029000 0.559125
4030000 0.558134
4031000 0.55969
4032000 0.547389
4033000 0.558756
4034000 0.549123
4035000 0.550177
4036000 0.555861
4037000 0.550874
4038000 0.556033
4039000 0.546051
4040000 0.555841
4041000 0.55232
4042000 0.551124
4043000 0.555514
4044000 0.54427
4045000 0.552496
4046000 0.545368
4047000 0.555439
4048000 0.550671
4049000 0.555079
4050000 0.543143
4051000 0.551989
4052000 0.54943
4053000 0.546822
4054000 0.553268
4055000 0.548874
4056000 0.54982
4057000 0.548996
4058000 0.558305
4059000 0.552613
4060000 0.552238
4061000 0.556914
4062000 0.548825
4063000 0.556369
4064000 0.559954
4065000 0.553461
4066000 0.553403
4067000 0.552956
4068000 0.554829
4069000 0.556261
4070000 0.556146
4071000 0.553521
4072000 0.5528
4073000 0.551814
4074000 0.549388
4075000 0.553264
4076000 0.556109
4077000 0.551362
4078000 0.552803
4079000 0.565711
4080000 0.551193
4081000 0.560965
4082000 0.552258
4083000 0.552144
4084000 0.557429
4085000 0.563943
4086000 0.546484
4087000 0.554956
4088000 0.554721
4089000 0.553388
4090000 0.548152
4091000 0.550647
4092000 0.553697
4093000 0.547937
4094000 0.558863
4095000 0.560721
4096000 0.553662
4097000 0.561013
4098000 0.552147
4099000 0.553662
4100000 0.556842
4101000 0.557669
4102000 0.551381
4103000 0.550343
4104000 0.553461
4105000 0.543997
4106000 0.556113
4107000 0.556153
4108000 0.554202
4109000 0.552741
4110000 0.560671
4111000 0.551881
4112000 0.551704
4113000 0.559279
4114000 0.553351
4115000 0.54594
4116000 0.553536
4117000 0.553083
4118000 0.56566
4119000 0.557047
4120000 0.553943
4121000 0.557391
4122000 0.556739
4123000 0.557435
4124000 0.553924
4125000 0.566799
4126000 0.55324
4127000 0.560305
4128000 0.564958
4129000 0.559098
4130000 0.553317
4131000 0.55999
4132000 0.55579
4133000 0.55289
4134000 0.554148
4135000 0.558588
4136000 0.550194
4137000 0.556462
4138000 0.549142
4139000 0.551092
4140000 0.555179
4141000 0.551135
4142000 0.556264
4143000 0.549689
4144000 0.549445
4145000 0.544323
4146000 0.553969
4147000 0.549258
4148000 0.552243
4149000 0.547017
4150000 0.552051
4151000 0.545671
4152000 0.54653
4153000 0.544823
4154000 0.548096
4155000 0.54794
