# "Timestep" "MSD Type 1"
100000 0.0 
101000 0.32793473858342864 
102000 0.29633466575558154 
103000 0.30434391883599193 
104000 0.34284673326644155 
105000 0.35655891795868544 
106000 0.36850966908604 
107000 0.36185815254842296 
108000 0.36278991840434793 
109000 0.3584470498574752 
110000 0.40299907830448073 
111000 0.3949803683694838 
112000 0.364510324951765 
113000 0.3661879758371479 
114000 0.3878883807862755 
115000 0.3966215156307086 
116000 0.3888787549317554 
117000 0.3781965783178094 
118000 0.4022505622763544 
119000 0.3899298431619426 
120000 0.40612594402232305 
121000 0.42536991615395436 
122000 0.434235154545859 
123000 0.4278572142683177 
124000 0.43105488137858056 
125000 0.48991180501657167 
126000 0.5144798977153949 
127000 0.46977787762101675 
128000 0.46359709323634385 
129000 0.4627430188476214 
130000 0.42544647191578755 
131000 0.49028628037741184 
132000 0.5320559444157336 
133000 0.5087238295781267 
134000 0.5121542991138435 
135000 0.5224803659822886 
136000 0.48784290688701276 
137000 0.48959654041348105 
138000 0.5006517625131859 
139000 0.4944830192435208 
140000 0.515627551220887 
141000 0.5371813626134668 
142000 0.5390004923152747 
143000 0.5196843582017865 
144000 0.49607639782966456 
145000 0.5093212045301962 
146000 0.5222980843184464 
147000 0.5126954242406186 
148000 0.5423781282242174 
149000 0.5389350318320463 
150000 0.513854398402337 
151000 0.5699181155889247 
152000 0.5441706370765786 
153000 0.6019054067298103 
154000 0.5841235479205902 
155000 0.6415950889417878 
156000 0.5961374615096381 
157000 0.6248286386461801 
158000 0.6162566843594229 
159000 0.5986159914268241 
160000 0.6245354444735339 
161000 0.6350746139612413 
162000 0.6425636416549522 
163000 0.6488828987060185 
164000 0.6285756141427837 
165000 0.6648625596469336 
166000 0.6277999172499044 
167000 0.667282787765753 
168000 0.7300914071878635 
169000 0.6568903240258842 
170000 0.6511243790594923 
171000 0.6797679986573125 
172000 0.6457717872901205 
173000 0.6551222305596758 
174000 0.6597913904160816 
175000 0.6505635474273279 
176000 0.6628671105538274 
177000 0.6875467919371798 
178000 0.67476006455251 
179000 0.6457513401655991 
180000 0.6665867820783302 
181000 0.6635712918383418 
182000 0.7171757947991618 
183000 0.7017081498813066 
184000 0.7332689126611576 
185000 0.7889566130083425 
186000 0.7618019503830972 
187000 0.7460028674069423 
188000 0.7615080233074447 
189000 0.735123804849789 
190000 0.772573722731149 
191000 0.7235258527529383 
192000 0.780236612406748 
193000 0.7587375942509662 
194000 0.6935104253509111 
195000 0.7347016793085571 
196000 0.7230085067220559 
197000 0.7641458689899788 
198000 0.7559901389954244 
199000 0.7702482990469997 
200000 0.7070512935665036 
201000 0.7774971175421787 
202000 0.7296000850860302 
203000 0.6990656626313083 
204000 0.7246497261899221 
205000 0.7640545173885577 
206000 0.7236184848617568 
207000 0.7399166719491092 
208000 0.7281367627106374 
209000 0.765695202174582 
210000 0.7263810489983428 
211000 0.7514122662071662 
212000 0.7367650899514744 
213000 0.7518908957355767 
214000 0.744429722914988 
215000 0.7311418363066454 
216000 0.7338982279841608 
217000 0.7242725410989618 
218000 0.7383724048045042 
219000 0.7230871925740116 
220000 0.7515162755759139 
221000 0.7555319799915537 
222000 0.7439499703261581 
223000 0.7729830588550172 
224000 0.7323609367641415 
225000 0.759947052218965 
226000 0.7525039326116115 
227000 0.7466655019064872 
228000 0.7702569723656305 
229000 0.7581017961468475 
230000 0.7559408932847457 
231000 0.7847599951783825 
232000 0.8090413381838275 
233000 0.7822860924664822 
234000 0.7791898248157207 
235000 0.7856606026844472 
236000 0.7596026718172482 
237000 0.804415601751805 
238000 0.8290760444268951 
239000 0.7505997881742305 
240000 0.8265134464780314 
241000 0.7708403714833424 
242000 0.8268236250873556 
243000 0.8614305316408882 
244000 0.7921609623836859 
245000 0.7865640394031542 
246000 0.808762480378354 
247000 0.8073392642408096 
248000 0.8030082846302332 
249000 0.8316974271902132 
250000 0.8144429616558408 
251000 0.7953933415722263 
252000 0.786497539567703 
253000 0.7865397059300187 
254000 0.7935693613674792 
255000 0.8722596846076244 
256000 0.8341946071050118 
257000 0.7995236022892709 
258000 0.8173415111524092 
259000 0.8258914302809681 
260000 0.798813986354908 
261000 0.8367245319950031 
262000 0.8200450522569407 
263000 0.7934539887820892 
264000 0.7490835657664641 
265000 0.8383851220105215 
266000 0.8808586552805052 
267000 0.8079782464648557 
268000 0.8084181438813403 
269000 0.8256864858430406 
270000 0.7804689702080949 
271000 0.7744447385835688 
272000 0.808743041184968 
273000 0.76572264034654 
274000 0.8543743111771415 
275000 0.8237515942156503 
276000 0.7833346306476158 
277000 0.844691355126057 
278000 0.8141165249780362 
279000 0.7953728137380139 
280000 0.8453421182976731 
281000 0.8290606039946098 
282000 0.8056417548940137 
283000 0.8285870490842535 
284000 0.8538713705428558 
285000 0.8258941709270088 
286000 0.8517399030310492 
287000 0.8742629453715322 
288000 0.8232283037952552 
289000 0.832023672583774 
290000 0.8939026177616255 
291000 0.8184172893088341 
292000 0.7997090602454907 
293000 0.8443362467928889 
294000 0.8711534055066303 
295000 0.7693335826281633 
296000 0.8248998389606309 
297000 0.835361248289858 
298000 0.8590427908639301 
299000 0.8278936160564198 
300000 0.8196268801823332 
301000 0.8296840354904405 
302000 0.9378833869880595 
303000 0.8256841139554582 
304000 0.8203473550898263 
305000 0.8751944992289207 
306000 0.8320648113214572 
307000 0.8392001630843857 
308000 0.8824005910941455 
309000 0.8026267867994565 
310000 0.8323714402205573 
311000 0.8386889763833983 
312000 0.8295915643207789 
313000 0.8230041135124989 
314000 0.8704024921749047 
315000 0.8397809071847655 
316000 0.8347248017951876 
317000 0.8098417551001096 
318000 0.8593670741751664 
319000 0.8245168456240294 
320000 0.8555822382863308 
321000 0.8021369014495351 
322000 0.8476401897144793 
323000 0.8716287171497792 
324000 0.8500701560414795 
325000 0.8749417034083876 
326000 0.8908416007206605 
327000 0.8224036084690768 
328000 0.8751309313284934 
329000 0.8649845568161953 
330000 0.8956565215899814 
331000 0.8407947071500081 
332000 0.9005860599530615 
333000 0.866332379852712 
334000 0.8649658482016137 
335000 0.921248785944775 
336000 0.875708800305885 
337000 0.8698079194969535 
338000 0.8766638783698516 
339000 0.8757158640285972 
340000 0.9196595448614459 
341000 0.873883344182353 
342000 0.9487964711715905 
343000 0.8991395007465353 
344000 0.9765065433174073 
345000 0.917188419196013 
346000 0.9489074777631037 
347000 0.9569465260476068 
348000 0.9371430408245888 
349000 0.9670248101072026 
350000 0.9189605449762798 
351000 0.9150275549067419 
352000 0.9029828093089738 
353000 0.8984606658557805 
354000 0.9159808371360418 
355000 0.9568412066080522 
356000 0.8601291649503466 
357000 0.8770845768511194 
358000 0.8954936277965863 
359000 0.873151703134586 
360000 0.8929793351975359 
361000 0.9303822135711185 
362000 0.8622982346849557 
363000 0.8856832432441601 
364000 0.9026726586139863 
365000 0.9152513260476296 
366000 0.8351707778780173 
367000 0.971857274653159 
368000 0.9379444293261511 
369000 0.9408492854044527 
370000 0.9522030977971104 
371000 0.9599144202163389 
372000 0.960900444719514 
373000 0.9629138992966514 
374000 0.9585552944054003 
375000 0.940617049578397 
376000 0.9206475267587124 
377000 0.9434973258939163 
378000 0.9448754784759026 
379000 0.96982405447208 
380000 1.023474983351703 
381000 0.9730826117273488 
382000 0.9989604615295516 
383000 0.9306995340817821 
384000 0.9670933001622264 
385000 0.9501889123552792 
386000 0.9623203175512742 
387000 0.9831411055580429 
388000 0.9420055810824549 
389000 0.9561425687329058 
390000 0.9464538962544459 
391000 0.9300787945197064 
392000 0.9743498914266168 
393000 0.9534406245062701 
394000 0.991808105271233 
395000 0.9508743747237258 
396000 0.9832759874480776 
397000 0.9752832515659394 
398000 0.9923976276833449 
399000 1.0331184290003017 
400000 0.9864676080390152 
401000 0.9466329901255589 
402000 0.9842617744872688 
403000 0.9611873807699245 
404000 0.9797953709130467 
405000 1.0247588818178746 
406000 0.9888651630869267 
407000 1.069817395644036 
408000 1.0110654035159694 
409000 1.011295620609511 
410000 1.052301515448282 
411000 0.9945033312223646 
412000 1.0051048734398356 
413000 1.0555719568913913 
414000 1.0377411375639918 
415000 0.99531568667835 
416000 0.994937066983316 
417000 1.001008370500776 
418000 0.9996659608356313 
419000 1.0642609907515166 
420000 1.0335758683728102 
421000 1.004122522971532 
422000 1.0539695138611203 
423000 1.0282850333523386 
424000 0.9685354021173092 
425000 1.0056891793130256 
426000 1.0394176473097383 
427000 1.028453190757745 
428000 1.1045191501372096 
429000 1.0231883576836378 
430000 1.0936378891141647 
431000 1.136928547726592 
432000 1.090016238128346 
433000 1.0899267561260813 
434000 1.1186492889010522 
435000 1.1025854585519415 
436000 1.0902546636479298 
437000 1.0774045368849434 
438000 1.114037404101214 
439000 1.0862237985131142 
440000 1.1225381211774776 
441000 1.053162313872732 
442000 1.1616204965652037 
443000 1.1405751003960918 
444000 1.1550955479031864 
445000 1.1646867560653045 
446000 1.1329920257912838 
447000 1.141594146490796 
448000 1.1357796208388358 
449000 1.170241631882429 
450000 1.1441145251564417 
451000 1.1111434326356682 
452000 1.175292388540629 
453000 1.1608368240350215 
454000 1.1470463140501557 
455000 1.166890126024766 
456000 1.1998494192609541 
457000 1.198765813685936 
458000 1.1746005541794318 
459000 1.173252512858402 
460000 1.2177577818793228 
461000 1.1823581514704935 
462000 1.1636541714704212 
463000 1.157383051099119 
464000 1.1897345703944284 
465000 1.2043505857501173 
466000 1.2226982158610207 
467000 1.1819557283234132 
468000 1.1846818237976526 
469000 1.232683847205786 
470000 1.1631253119848908 
471000 1.205675212657105 
472000 1.2007532257296605 
473000 1.183995623266747 
474000 1.2102274718838317 
475000 1.1695992305174712 
476000 1.2252630129512134 
477000 1.1946320840224156 
478000 1.1141884931840031 
479000 1.1730218743688627 
480000 1.1587528085485221 
481000 1.1350784717003353 
482000 1.2122351929938764 
483000 1.1321556060235891 
484000 1.1464410186582648 
485000 1.258373196405196 
486000 1.1977057833174858 
487000 1.1852993058823724 
488000 1.2516050024216467 
489000 1.1901316489172258 
490000 1.2345572124549624 
491000 1.1774989017577473 
492000 1.1813682409912492 
493000 1.1780556288168873 
494000 1.1605326186474159 
495000 1.1821265452086753 
496000 1.185057148280048 
497000 1.1683744375208245 
498000 1.1901836408252708 
499000 1.1633069873961714 
500000 1.1795632693993912 
501000 1.2036296387924739 
502000 1.11672406765033 
503000 1.2084475723474175 
504000 1.2263648575906811 
505000 1.1783157329929255 
506000 1.1710665176178277 
507000 1.1638489493804616 
508000 1.186495759176386 
509000 1.2190951075528509 
510000 1.2178358407676715 
511000 1.1807902181123073 
512000 1.204279376334453 
513000 1.1864678016576427 
514000 1.2074994011704434 
515000 1.14803333989402 
516000 1.1831629113337128 
517000 1.2085586955428047 
518000 1.2287817331513446 
519000 1.1992209552688964 
520000 1.2007423704935705 
521000 1.1975513598180507 
522000 1.2134725658959147 
523000 1.2333524792831063 
524000 1.197015875067412 
525000 1.2075855549756278 
526000 1.2646759435472092 
527000 1.2617088411424333 
528000 1.2212059563749917 
529000 1.2747161104880758 
530000 1.2509940893151688 
531000 1.2838628914582966 
532000 1.2413734975894508 
533000 1.2358691898032637 
534000 1.2887829450875576 
535000 1.208080357881489 
536000 1.3075458506170106 
537000 1.2582090807817319 
538000 1.2381916247616964 
539000 1.246581208240352 
540000 1.3363029342749588 
541000 1.3419032603461878 
542000 1.3819488358510783 
543000 1.2813811324431847 
544000 1.3014338393903007 
545000 1.3282596813988428 
546000 1.3403470142756835 
547000 1.3441750942206063 
548000 1.2905420366478306 
549000 1.314815405043347 
550000 1.217152310297018 
551000 1.3211630400414316 
552000 1.331461893026266 
553000 1.3305210800135463 
554000 1.3614485661502378 
555000 1.289676421755281 
556000 1.3486063394132162 
557000 1.2782899020247398 
558000 1.286514562929847 
559000 1.3340682695383954 
560000 1.3247939580291734 
561000 1.3038295528104988 
562000 1.3404374325993393 
563000 1.3079232322063143 
564000 1.329896568317867 
565000 1.3294942632941087 
566000 1.3030326728743178 
567000 1.325357093650406 
568000 1.2549990949952228 
569000 1.3226973013160064 
570000 1.2986420181116567 
571000 1.2532036242654037 
572000 1.2830780349018918 
573000 1.2855002815945311 
574000 1.292653762499251 
575000 1.243319419860503 
576000 1.2094771142112477 
577000 1.221878654325008 
578000 1.2392506293254 
579000 1.2567827444741406 
580000 1.2350293698073092 
581000 1.2332510448474059 
582000 1.253873587433027 
583000 1.252747280629024 
584000 1.2346733802314127 
585000 1.2179539552022154 
586000 1.221533169713228 
587000 1.2981145493490125 
588000 1.232917700688268 
589000 1.2645622630823705 
590000 1.2521220489788565 
591000 1.2101301479528508 
592000 1.2789519476213564 
593000 1.1961542376627572 
594000 1.20467803874613 
595000 1.2464473978558555 
596000 1.2295336371924637 
597000 1.2975454235949135 
598000 1.2204807924672219 
599000 1.2012787467462278 
600000 1.2829031316036492 
601000 1.2243646361622296 
602000 1.1579808819150221 
603000 1.2135866849206964 
604000 1.2540371647476662 
605000 1.2393099560743974 
606000 1.1928344207392176 
607000 1.1867385346036283 
608000 1.1793792355366712 
609000 1.1717111455448908 
610000 1.1510737349396292 
611000 1.1542375337118922 
612000 1.2479646581935042 
613000 1.2141445991820892 
614000 1.194520716661157 
615000 1.2385565771765417 
616000 1.2009070670554287 
617000 1.183824514973318 
618000 1.2334589605727864 
619000 1.2496215347091817 
620000 1.259224076295933 
621000 1.1812795019993125 
622000 1.1895341509144506 
623000 1.134442642301316 
624000 1.134276245004932 
625000 1.1646979490963227 
626000 1.1702193105547032 
627000 1.1259228352608661 
628000 1.173030007147597 
629000 1.1772104166943398 
630000 1.148189893982704 
631000 1.1735893814252774 
632000 1.1453053811662968 
633000 1.1187759600479439 
634000 1.1732607412023934 
635000 1.1882802067303304 
636000 1.1659599616316663 
637000 1.2093865738911889 
638000 1.1781395570959312 
639000 1.2128182939177867 
640000 1.1406377670581993 
641000 1.162798395166728 
642000 1.2279027489398673 
643000 1.1751941075079022 
644000 1.1876561644847345 
645000 1.201174431433414 
646000 1.1595918309273867 
647000 1.1916957571632734 
648000 1.1863952771154067 
649000 1.2192864550553792 
650000 1.2469442722187105 
651000 1.2609831230032118 
652000 1.2147006625068786 
653000 1.2100749162264888 
654000 1.201838449917037 
655000 1.1976244237749447 
656000 1.1885550968552423 
657000 1.1929998217104292 
658000 1.1543580912794658 
659000 1.197980831636916 
660000 1.178043640623087 
661000 1.1733310257804541 
662000 1.1604914102604857 
663000 1.19850941140258 
664000 1.1786720316459882 
665000 1.1768216972778678 
666000 1.1513109124473304 
667000 1.1554918156798832 
668000 1.1274964487879031 
669000 1.150749213599251 
670000 1.1694513578938712 
671000 1.1631369006699548 
672000 1.173329760039132 
673000 1.1652120895588411 
674000 1.1304811778178112 
675000 1.1824057253549771 
676000 1.1974471487670992 
677000 1.166304374453391 
678000 1.1516909299126907 
679000 1.137597914816962 
680000 1.1047395595472955 
681000 1.155246865417377 
682000 1.1179248669363002 
683000 1.143905653139867 
684000 1.2417180189458037 
685000 1.197574192642777 
686000 1.169157049928027 
687000 1.2068325859202307 
688000 1.1940185092348037 
689000 1.1476096606025015 
690000 1.245914726782907 
691000 1.2160346247965508 
692000 1.2199110046633401 
693000 1.2145465416658139 
694000 1.2314185526197445 
695000 1.1782076400925594 
696000 1.2060582719418347 
697000 1.1874280070766747 
698000 1.2599851487508291 
699000 1.2294251734544734 
700000 1.2963002641958032 
701000 1.32166237191929 
702000 1.251012143279483 
703000 1.2860968829368462 
704000 1.2589418871592968 
705000 1.2498191716681915 
706000 1.2618036005411777 
707000 1.2235119455804992 
708000 1.2960580826937833 
709000 1.3253263630937493 
710000 1.2819741886447238 
711000 1.260250214768659 
712000 1.3142813594523954 
713000 1.3293980023236036 
714000 1.2989103646197335 
715000 1.307482207273576 
716000 1.287239048017115 
717000 1.3175702630303154 
718000 1.353278533349243 
719000 1.3194966126269065 
720000 1.341806125135773 
721000 1.3569607001284432 
722000 1.3670403549325707 
723000 1.3468553066955415 
724000 1.3728551946720398 
725000 1.3784112483381459 
726000 1.3369316839571272 
727000 1.3523866251950865 
728000 1.3975671753625427 
729000 1.3647344770791217 
730000 1.3612831509492562 
731000 1.400574496806329 
732000 1.3753484594190395 
733000 1.4009648932232157 
734000 1.3665380997803207 
735000 1.3762474331758678 
736000 1.351842913019364 
737000 1.356712148353485 
738000 1.3707077920842456 
739000 1.3750712247590564 
740000 1.3529541279656987 
741000 1.3627449332650627 
742000 1.3994580386030238 
743000 1.3821085251903478 
744000 1.356037510843384 
745000 1.375159912011319 
746000 1.3378288531610902 
747000 1.4594627592807683 
748000 1.3789944220523882 
749000 1.3935893417860534 
750000 1.413007985890962 
751000 1.4321105702828931 
752000 1.422595826838836 
753000 1.4072291409620572 
754000 1.432613198620443 
755000 1.464212546871102 
756000 1.4593928953399402 
757000 1.3901653478945228 
758000 1.524827764538534 
759000 1.4888415402208426 
760000 1.488757484558359 
761000 1.4311599793685637 
762000 1.500688888371035 
763000 1.4287591806398194 
764000 1.468947959839838 
765000 1.5381406054588178 
766000 1.5456070065212204 
767000 1.5254144323426873 
768000 1.4796269636496844 
769000 1.4748658437786721 
770000 1.4270671077790396 
771000 1.496133904765361 
772000 1.4914292158474376 
773000 1.495848230055144 
774000 1.4683805484759795 
775000 1.4971877714948578 
776000 1.5270761791864327 
777000 1.5169084047745625 
778000 1.4886542197474304 
779000 1.4845304446816363 
780000 1.4313894679349057 
781000 1.4897631779834928 
782000 1.5229409477117501 
783000 1.4599891295781182 
784000 1.4821858535631278 
785000 1.5422070032511332 
786000 1.4949661508248542 
787000 1.5321384972930916 
788000 1.500512219639992 
789000 1.5604770986372394 
790000 1.507259014998325 
791000 1.4632682253106637 
792000 1.5748765505289335 
793000 1.4976580968911968 
794000 1.4823907917297294 
795000 1.4535873453937391 
796000 1.4942371117378759 
797000 1.494403762030876 
798000 1.5404351633795808 
799000 1.5163032469183062 
800000 1.535162468256714 
801000 1.5196054699498882 
802000 1.502468298509089 
803000 1.5045260196446142 
804000 1.5517969050438716 
805000 1.494544574802668 
806000 1.512596829091537 
807000 1.5563629174283444 
808000 1.5423805781395397 
809000 1.5434399468856572 
810000 1.504925546472618 
811000 1.5962793370254493 
812000 1.5294266996121795 
813000 1.4977801071383443 
814000 1.5492479307265306 
815000 1.450726318736024 
816000 1.4864023061290617 
817000 1.5297696928994933 
818000 1.5057118746250755 
819000 1.511976843754535 
820000 1.5136597753179857 
821000 1.4816156262502556 
822000 1.4135707220977822 
823000 1.5193498188475965 
824000 1.5095218733517752 
825000 1.5636590622956847 
826000 1.5111084127873378 
827000 1.5679241235159063 
828000 1.5185605309684955 
829000 1.5180263540728174 
830000 1.5275807510880808 
831000 1.5436300054509928 
832000 1.5547678330347081 
833000 1.5341163327274647 
834000 1.564615371624335 
835000 1.4963394541845862 
836000 1.554607561733067 
837000 1.5530046932496266 
838000 1.5229433455194654 
839000 1.5330742311527075 
840000 1.4913641346804003 
841000 1.5178511947910804 
842000 1.5265011714867922 
843000 1.504822148828632 
844000 1.5083069272280885 
845000 1.4960113908171122 
846000 1.5896048665355 
847000 1.5140033535379853 
848000 1.539333879242079 
849000 1.5337967346200836 
850000 1.5406983897976383 
851000 1.547838183011553 
852000 1.5692621181847342 
853000 1.5193426602012166 
854000 1.5356510741053033 
855000 1.4890875810731012 
856000 1.4739717540910464 
857000 1.546560964625442 
858000 1.5253838319088457 
859000 1.5561518216325128 
860000 1.5629197566843356 
861000 1.5685912038521785 
862000 1.5478605755558716 
863000 1.5131138996686746 
864000 1.4813867734694468 
865000 1.5493632254851655 
866000 1.5441018781131708 
867000 1.4674488574661397 
868000 1.5497126924914792 
869000 1.5415238596695218 
870000 1.5006956228104746 
871000 1.5908430842736627 
872000 1.5827883758164685 
873000 1.5310503789635526 
874000 1.650521618280339 
875000 1.513913424647423 
876000 1.5297053989527123 
877000 1.610660999627256 
878000 1.534268136151339 
879000 1.5805051338494782 
880000 1.6087717201894325 
881000 1.5490262046160947 
882000 1.538480543522481 
883000 1.5619317424886918 
884000 1.6092730845182903 
885000 1.5769277632598606 
886000 1.6101119201507796 
887000 1.6132095300442317 
888000 1.611852395279181 
889000 1.6378271044305526 
890000 1.6486027034805553 
891000 1.6435067540584736 
892000 1.6033285339386332 
893000 1.5805985859380043 
894000 1.6413097574748172 
895000 1.65083054036864 
896000 1.6602966012746623 
897000 1.6348921953578306 
898000 1.6706862521972115 
899000 1.6772962756487493 
900000 1.6107663644422852 
901000 1.6636304047151909 
902000 1.6873296785257386 
903000 1.643093789259837 
904000 1.6662759238151996 
905000 1.6549756406024856 
906000 1.7031107522600044 
907000 1.7364948316333626 
908000 1.6693712081742769 
909000 1.7009894068330456 
910000 1.7657271855758525 
911000 1.6491751940979236 
912000 1.7388664776410063 
913000 1.6758250202695801 
914000 1.6217445540842153 
915000 1.6598948877704078 
916000 1.6841953661839986 
917000 1.7348959053509956 
918000 1.6417418260225476 
919000 1.669367954264647 
920000 1.6634721804690638 
921000 1.6946610954253283 
922000 1.7167821856037324 
923000 1.6860936983652544 
924000 1.646454556811048 
925000 1.7092137683451658 
926000 1.652477481442843 
927000 1.6558044130288516 
928000 1.7045472735568172 
929000 1.7408791156832872 
930000 1.6964512711964457 
931000 1.721475985587274 
932000 1.6479446869569434 
933000 1.6518102228168734 
934000 1.712341793788297 
935000 1.6493633829508645 
936000 1.6248246702605589 
937000 1.6578686303860724 
938000 1.7019650539605087 
939000 1.6283911972630367 
940000 1.7138371505132426 
941000 1.6804141933398338 
942000 1.6255830978143735 
943000 1.6508291936393609 
944000 1.5997033465573012 
945000 1.6424047983479353 
946000 1.6923643600038898 
947000 1.6437058712937087 
948000 1.6790629986685466 
949000 1.7060189041167488 
950000 1.635430710511641 
951000 1.6864290241020892 
952000 1.7027018699190064 
953000 1.6826573380002003 
954000 1.679482298864649 
955000 1.6869554107054958 
956000 1.6970719165488568 
957000 1.6071960602873896 
958000 1.6846851665671032 
959000 1.7196023379312202 
960000 1.6865536437354525 
961000 1.6667099890271335 
962000 1.6984328053567124 
963000 1.6189292379451208 
964000 1.6848897689254483 
965000 1.6763839029581653 
966000 1.6462522341552652 
967000 1.7596365525159332 
968000 1.7114857290244325 
969000 1.7168441667706082 
970000 1.6856610179279334 
971000 1.6604582586934558 
972000 1.6791539662411217 
973000 1.6871885190362228 
974000 1.6561345191206127 
975000 1.6954847249204137 
976000 1.746544701134856 
977000 1.6252806386664134 
978000 1.6987396799163283 
979000 1.7147567952533826 
980000 1.622301420615829 
981000 1.6914220222774117 
982000 1.7269775749287333 
983000 1.656813764087435 
984000 1.5611692262134365 
985000 1.6864726530024003 
986000 1.6589987693466441 
987000 1.6270213086373548 
988000 1.6469055131758628 
989000 1.7815859693610647 
990000 1.6970736379303253 
991000 1.7247232855136074 
992000 1.724049483865671 
993000 1.7610179864268862 
994000 1.7408288242461563 
995000 1.73745913903277 
996000 1.7472752571953596 
997000 1.7699641138157736 
998000 1.6985788234494417 
999000 1.7214163500461377 
1000000 1.752171022726524 
1001000 1.720458975264141 
1002000 1.7049354349242405 
1003000 1.719545187355273 
1004000 1.7470884211782411 
1005000 1.7904470839416036 
1006000 1.7403877101665344 
1007000 1.6917404925729225 
1008000 1.8098484380246205 
1009000 1.751684124294507 
1010000 1.734740500066897 
1011000 1.7554898663354328 
1012000 1.7539350230222122 
1013000 1.753156493929249 
1014000 1.7348853252834515 
1015000 1.729864516682321 
1016000 1.7785623060313231 
1017000 1.7509619623213963 
1018000 1.7705998257401003 
1019000 1.7516768496982653 
1020000 1.7982276062398435 
1021000 1.767384747569954 
1022000 1.7354392510659524 
1023000 1.8187333531396241 
1024000 1.7304699955717178 
1025000 1.7139047860602292 
1026000 1.7368129241131272 
1027000 1.7640212408864098 
1028000 1.7919389136924502 
1029000 1.744741572351013 
1030000 1.8609583750658525 
1031000 1.7770190217396844 
1032000 1.7823039025856462 
1033000 1.767819155195843 
1034000 1.7363665838326552 
1035000 1.7470070342819781 
1036000 1.7544944658883228 
1037000 1.8083507162726267 
1038000 1.7431154122386432 
1039000 1.769009327175638 
1040000 1.77523220035505 
1041000 1.6998905671860007 
1042000 1.6931021123213819 
1043000 1.8048143022302625 
1044000 1.8325386732459306 
1045000 1.8065347851518558 
1046000 1.796017776725433 
1047000 1.7446111273554499 
1048000 1.8533931861921382 
1049000 1.787122431599976 
1050000 1.8016456701018089 
1051000 1.792499531170413 
1052000 1.7623805462128126 
1053000 1.7378741293870472 
1054000 1.7955243646175598 
1055000 1.7859240575517537 
1056000 1.8233498511660993 
1057000 1.7849361369761114 
1058000 1.7931141125935686 
1059000 1.8611935134307234 
1060000 1.8397864200639085 
1061000 1.7735722728791612 
1062000 1.8533545124174813 
1063000 1.8044097021918333 
1064000 1.850783774058359 
1065000 1.8257466586207465 
1066000 1.813944974500986 
1067000 1.9208034456142737 
1068000 1.8159763847371986 
1069000 1.82185698722072 
1070000 1.8051831369377531 
1071000 1.8069222359143973 
1072000 1.7917656800938466 
1073000 1.8168989904830208 
1074000 1.8392760462252087 
1075000 1.8311843296246784 
1076000 1.8933532554901815 
1077000 1.8536565164572174 
1078000 1.7971372279367548 
1079000 1.8308403391417185 
1080000 1.7411821928088564 
1081000 1.839717521999226 
1082000 1.880061885263596 
1083000 1.7499271047022558 
1084000 1.8413138014181312 
1085000 1.8640998335985601 
1086000 1.8360130574744546 
1087000 1.8447078009164293 
1088000 1.8719632148930592 
1089000 1.8410995605161309 
1090000 1.8189843747836596 
1091000 1.8477238262755553 
1092000 1.7846801971441317 
1093000 1.8440450992271538 
1094000 1.8282422341217468 
1095000 1.808488281995906 
1096000 1.8207033468949325 
1097000 1.8530294398674523 
1098000 1.7975206464351032 
1099000 1.8380624720208933 
1100000 1.7476303900847063 
1101000 1.7900388256344237 
1102000 1.8245207442206541 
1103000 1.8364219908376764 
1104000 1.8335164059412536 
1105000 1.8845737259881452 
1106000 1.8049600877628513 
1107000 1.86363978218828 
1108000 1.842292342613012 
1109000 1.829740716855534 
1110000 1.8656104594147902 
1111000 1.893048109864759 
1112000 1.8643775897895833 
1113000 1.846030293105765 
1114000 1.8694503451507798 
1115000 1.8518706226279038 
1116000 1.8407124421286172 
1117000 1.8088901687944001 
1118000 1.8294283648838623 
1119000 1.923672624705969 
1120000 1.849115010072947 
1121000 1.9386951991149237 
1122000 1.853954800377841 
1123000 1.9170103007869936 
1124000 1.9542814341450503 
1125000 1.9419853157728788 
1126000 1.9315344933739458 
1127000 1.9309987154174244 
1128000 1.8783545376241904 
1129000 1.8691243002768299 
1130000 1.937623224814257 
1131000 1.8890958976501826 
1132000 1.882960231843354 
1133000 1.9223952150760673 
1134000 1.7708727082190296 
1135000 1.8898182558233527 
1136000 1.865705104925887 
1137000 1.9565601163366266 
1138000 1.9163505954247764 
1139000 1.9044355672542175 
1140000 1.8579353896539623 
1141000 1.8891296861672682 
1142000 1.9246601822910752 
1143000 1.9394550006386484 
1144000 1.9404704579864964 
1145000 1.9088210906586356 
1146000 1.9169123447296268 
1147000 1.9145339079319632 
1148000 1.9416099530380906 
1149000 1.943793078555517 
1150000 1.9480897077436528 
1151000 1.9313768122475685 
1152000 1.9413291978210094 
1153000 1.9903417875162688 
1154000 1.9329948065187867 
1155000 1.9610497482677762 
1156000 2.0802943544456522 
1157000 1.9793385158611676 
1158000 2.0136537630804052 
1159000 2.0940483973105106 
1160000 1.9803462091029456 
1161000 2.055466428430629 
1162000 1.9802710329298643 
1163000 2.0606211076233434 
1164000 2.031999670454974 
1165000 2.036904667934025 
1166000 2.0088418842735796 
1167000 2.090147304966007 
1168000 1.9963182919955738 
1169000 2.0704552890994505 
1170000 2.024308561547791 
1171000 2.069972347874874 
1172000 2.0454472550732175 
1173000 2.011108850754822 
1174000 2.04812840351375 
1175000 2.0751972030919124 
1176000 2.024180841400628 
1177000 2.008637416511033 
1178000 2.0583792443321727 
1179000 2.131427469686311 
1180000 1.9776627079218283 
1181000 2.024670315119205 
1182000 2.0149557011409436 
1183000 2.058844453656981 
1184000 2.0476588169613605 
1185000 2.04243201519012 
1186000 2.1016078811069003 
1187000 2.0167388654873117 
1188000 2.0332711127183356 
1189000 2.0604127151654787 
1190000 2.0806744450017964 
1191000 2.0340620821086484 
1192000 2.0804087218333223 
1193000 2.0943009920871374 
1194000 2.0904196803288078 
1195000 2.058769250738797 
1196000 2.02279509106891 
1197000 2.0982916630206363 
1198000 2.112321793322518 
1199000 2.0291791134624377 
1200000 2.060554163292318 
1201000 2.080492540409222 
1202000 2.0646911144295577 
1203000 2.0454811235128143 
1204000 2.0481474707449525 
1205000 2.137159024360219 
1206000 2.076181721718338 
1207000 2.1003415148851836 
1208000 2.1354747236962925 
1209000 2.129958165487584 
1210000 2.0812084550861303 
1211000 2.0890124453579038 
1212000 2.129348811591297 
1213000 2.095437973480835 
1214000 2.058443545390163 
1215000 2.0857273221919783 
1216000 2.08160604488887 
1217000 2.120867100460294 
1218000 2.1377227889198167 
1219000 2.1261011132228584 
1220000 2.1423673079876067 
1221000 2.0747165305336197 
1222000 2.0975687285825413 
1223000 2.1574783605227768 
1224000 2.0996913637088856 
1225000 2.1038516796740216 
1226000 2.1623594563891957 
1227000 2.0366041059766538 
1228000 2.1309421111686886 
1229000 2.1073273340344945 
1230000 2.1289305036525645 
1231000 2.057093080002325 
1232000 2.140475406179954 
1233000 2.160677711256569 
1234000 2.155953915381229 
1235000 2.116012806401628 
1236000 2.0534440372267206 
1237000 2.049055331097195 
1238000 2.1327988131749875 
1239000 2.135749113314541 
1240000 2.1490791514214522 
1241000 2.104966028094984 
1242000 2.1085040244794278 
1243000 2.0843824698253592 
1244000 2.1321230018789277 
1245000 2.054735370312277 
1246000 2.054080377684926 
1247000 2.128286001872618 
1248000 2.1275528393933802 
1249000 2.128801197296015 
1250000 2.084475926017495 
1251000 2.0325048016559393 
1252000 2.0574418579185525 
1253000 2.09803057515878 
1254000 2.146372466481273 
1255000 2.109331217839391 
1256000 2.0137062793250715 
1257000 2.036270204562725 
1258000 2.0794242765753332 
1259000 2.177326027662807 
1260000 2.087496672991423 
1261000 2.0979202377098356 
1262000 2.1228985964216522 
1263000 2.0790604145416407 
1264000 2.175736431232617 
1265000 2.0669709788183823 
1266000 2.123977765480495 
1267000 2.0435445258005127 
1268000 2.0895055891260483 
1269000 2.1246193214818527 
1270000 2.1303130577147966 
1271000 2.009407437104956 
1272000 2.0811760899006178 
1273000 2.0602080840757364 
1274000 2.1129403601217116 
1275000 2.180896169728711 
1276000 2.121647815883132 
1277000 2.152063699983635 
1278000 2.164038171044881 
1279000 2.0939997090516926 
1280000 2.1123400394590717 
1281000 2.0861854780643188 
1282000 2.118977954982459 
1283000 2.069973976760402 
1284000 2.0541366783240456 
1285000 2.1378660277591908 
1286000 2.132895254618441 
1287000 2.157079225722535 
1288000 2.1822085889905107 
1289000 2.1254060582383145 
1290000 2.1118683993467573 
1291000 2.124566083130476 
1292000 2.167290661543526 
1293000 2.093070194579703 
1294000 2.091191696573829 
1295000 2.1605992825216496 
1296000 2.144189692700121 
1297000 2.177585175717178 
1298000 2.1379063772558973 
1299000 2.1562873415980692 
1300000 2.1547765588873156 
1301000 2.126600843755614 
1302000 2.179128412316215 
1303000 2.2174526324136887 
1304000 2.181554651568712 
1305000 2.1796384350900775 
1306000 2.226312921794421 
1307000 2.1955641475399217 
1308000 2.2166003853809686 
1309000 2.223390795795351 
1310000 2.2576222003555384 
1311000 2.218394172360993 
1312000 2.300111870470978 
1313000 2.289040504875812 
1314000 2.1403014034951378 
1315000 2.263707782575365 
1316000 2.3173736063604498 
1317000 2.2692600862703594 
1318000 2.2769487056362485 
1319000 2.2713867687127434 
1320000 2.313041459823382 
1321000 2.2778820462749394 
1322000 2.3325441521707826 
1323000 2.3093105328201142 
1324000 2.2092387882607327 
1325000 2.348547022133399 
1326000 2.2668011085875954 
1327000 2.2438680195391516 
1328000 2.274208461253703 
1329000 2.3073831304696983 
1330000 2.313372598540994 
1331000 2.330827613887485 
1332000 2.3195796994825275 
1333000 2.3316831009452867 
1334000 2.3116109120018815 
1335000 2.2997357555981406 
1336000 2.32304511406287 
1337000 2.1877980016361547 
1338000 2.262044685815219 
1339000 2.2791825834765604 
1340000 2.335968640634036 
1341000 2.279183354161854 
1342000 2.210637789175524 
1343000 2.3450548281495642 
1344000 2.3346836911694546 
1345000 2.317093424988954 
1346000 2.2595107281130136 
1347000 2.380019322850568 
1348000 2.289426449098576 
1349000 2.3146901157706483 
1350000 2.3360321184067057 
1351000 2.345990172808346 
1352000 2.3821404238142905 
1353000 2.2901146017165592 
1354000 2.3755940364513624 
1355000 2.3615229691286466 
1356000 2.3549437570712763 
1357000 2.3857940901110806 
1358000 2.3740700443941454 
1359000 2.3524219955866035 
1360000 2.379381360815462 
1361000 2.351764984855444 
1362000 2.318544252275696 
1363000 2.3916291410522805 
1364000 2.3707329698219874 
1365000 2.387962434957794 
1366000 2.3857932146956866 
1367000 2.3816424911503242 
1368000 2.357526774318451 
1369000 2.389922883240852 
1370000 2.4161992460588513 
1371000 2.368814837913021 
1372000 2.363651617029777 
1373000 2.375515159713331 
1374000 2.297257507688687 
1375000 2.380270408711057 
1376000 2.4173048421267094 
1377000 2.3435735177555626 
1378000 2.3792624332518035 
1379000 2.4063192660817423 
1380000 2.365227032549108 
1381000 2.353721594963014 
1382000 2.4296871165407588 
1383000 2.307539249903916 
1384000 2.397000590074007 
1385000 2.324126161645197 
1386000 2.380255201289049 
1387000 2.419705581524704 
1388000 2.3499420559096604 
1389000 2.368983951937189 
1390000 2.3622781948676845 
1391000 2.406261651762601 
1392000 2.3682870840074877 
1393000 2.3601384687080955 
1394000 2.4699961575935836 
1395000 2.383043537173403 
1396000 2.354205241893861 
1397000 2.420178349865506 
1398000 2.4158710120023565 
1399000 2.362865785084699 
1400000 2.425266884812724 
1401000 2.414276658053354 
1402000 2.3681904843293733 
1403000 2.4197373542857368 
1404000 2.4264120602307555 
1405000 2.433396878906746 
1406000 2.431638407569592 
1407000 2.5152211063115955 
1408000 2.3575268326082406 
1409000 2.5457161122005476 
1410000 2.4408235840344568 
1411000 2.3568677323207594 
1412000 2.479915211239972 
1413000 2.4365357623527486 
1414000 2.477781917376128 
1415000 2.4847472593250677 
1416000 2.4763838160546143 
1417000 2.538976810659594 
1418000 2.5103528038077547 
1419000 2.5572977213596704 
1420000 2.507848603502939 
1421000 2.496987765460941 
1422000 2.5581465242588086 
1423000 2.4786065860658066 
1424000 2.500217100356605 
1425000 2.5189348338379514 
1426000 2.473783922060706 
1427000 2.4998016470320117 
1428000 2.5277135720007764 
1429000 2.486325819947336 
1430000 2.4820438928285866 
1431000 2.480672596746655 
1432000 2.445357917796788 
1433000 2.558288720411228 
1434000 2.6293425700175006 
1435000 2.5711635056233155 
1436000 2.583110120711092 
1437000 2.6256845965275906 
1438000 2.5993123183667124 
1439000 2.5738327487214065 
1440000 2.6092336069788424 
1441000 2.655242814537948 
1442000 2.614489302477391 
1443000 2.580732921232272 
1444000 2.5766811306923776 
1445000 2.598886936352224 
1446000 2.651382232230763 
1447000 2.5465295330570843 
1448000 2.623333200226363 
1449000 2.5411191944970977 
1450000 2.5772873914270122 
1451000 2.5905417432510776 
1452000 2.6036782578717457 
1453000 2.5660094103357687 
1454000 2.5806301379000267 
1455000 2.599560958278872 
1456000 2.6332711668827513 
1457000 2.524336976182528 
1458000 2.6299706327525874 
1459000 2.595249291034588 
1460000 2.5964638228442687 
1461000 2.529471580744438 
1462000 2.599983133269362 
1463000 2.557605006482906 
1464000 2.5680903981198084 
1465000 2.546358293034163 
1466000 2.6054985894597316 
1467000 2.589011047201774 
1468000 2.5314765128667145 
1469000 2.590880097292491 
1470000 2.5137971350223123 
1471000 2.484961373188685 
1472000 2.5551467671991994 
1473000 2.591913316554688 
1474000 2.6204651671428403 
1475000 2.546012207377892 
1476000 2.5583607159465593 
1477000 2.5599539519512162 
1478000 2.55549724716735 
1479000 2.5344498907286725 
1480000 2.572956248434801 
1481000 2.5386019517198166 
1482000 2.521604801405046 
1483000 2.6042642739301844 
1484000 2.5699749872176705 
1485000 2.5564679922849667 
1486000 2.590423068550504 
1487000 2.5702400347197285 
1488000 2.531931584360012 
1489000 2.590640506180349 
1490000 2.581553296159551 
1491000 2.5509179999755176 
1492000 2.5649118666285915 
1493000 2.5718158934697857 
1494000 2.6264334419554554 
1495000 2.5447907102317937 
1496000 2.5164248111828273 
1497000 2.5820188733298863 
1498000 2.5293265839567307 
1499000 2.5504328414766118 
1500000 2.480256890774442 
1501000 2.5751441566561692 
1502000 2.5211586394971626 
1503000 2.531780871349274 
1504000 2.5608371030967874 
1505000 2.6243928467121393 
1506000 2.5757029543052714 
1507000 2.570588628924415 
1508000 2.627881201369466 
1509000 2.6122886780733667 
1510000 2.7124381931590356 
1511000 2.59443557701167 
1512000 2.5895656659226374 
1513000 2.645598665180039 
1514000 2.5906401650198703 
1515000 2.566107161244073 
1516000 2.5725916502290573 
1517000 2.585148600842361 
1518000 2.5784669214768385 
1519000 2.588735865631848 
1520000 2.5360108936669983 
1521000 2.559916876986747 
1522000 2.569164526719329 
1523000 2.5069716780078855 
1524000 2.527330693446553 
1525000 2.526151799062535 
1526000 2.5522789853023284 
1527000 2.582128904911177 
1528000 2.615443787992382 
1529000 2.515615767376746 
1530000 2.5607310955551195 
1531000 2.463058713051122 
1532000 2.622668699641124 
1533000 2.652474526883246 
1534000 2.5350692493333264 
1535000 2.589958681092719 
1536000 2.5304781084427406 
1537000 2.5545572598115736 
1538000 2.553348454760485 
1539000 2.60629227548354 
1540000 2.5382547605351453 
1541000 2.539248169254149 
1542000 2.5699070203140315 
1543000 2.5839168828446777 
1544000 2.58367766746949 
1545000 2.531039522102952 
1546000 2.620518795538914 
1547000 2.5914661372373886 
1548000 2.5441441607338677 
1549000 2.6406091556665596 
1550000 2.5022854110792294 
1551000 2.5970378100310736 
1552000 2.509814143372088 
1553000 2.5106239828105514 
1554000 2.570885988053874 
1555000 2.585802022059216 
1556000 2.5567122306106085 
1557000 2.585308004478936 
1558000 2.6167674674452286 
1559000 2.5655733727659142 
1560000 2.5209327548097797 
1561000 2.544221518220427 
1562000 2.5795906430959423 
1563000 2.535830170975543 
1564000 2.5772874919762714 
1565000 2.4943843705241675 
1566000 2.611364572854334 
1567000 2.550450979297454 
1568000 2.5325263603272976 
1569000 2.584738738136248 
1570000 2.6612657967456093 
1571000 2.505306577460412 
1572000 2.5907851391427315 
1573000 2.5175495799872674 
1574000 2.583547944873294 
1575000 2.5341638467904644 
1576000 2.492440447794926 
1577000 2.5847893783887286 
1578000 2.578921815071096 
1579000 2.5741385205406804 
1580000 2.603129413383151 
1581000 2.623526081425024 
1582000 2.5820261704771554 
1583000 2.5799935742992477 
1584000 2.584892189052928 
1585000 2.6419808683184796 
1586000 2.632462269306023 
1587000 2.5107425224803044 
1588000 2.6100296724475855 
1589000 2.6454985143557823 
1590000 2.6002707921947184 
1591000 2.63788221089247 
1592000 2.6024506986220723 
1593000 2.58505849880848 
1594000 2.5538799654941426 
1595000 2.554660449828277 
1596000 2.560545525689441 
1597000 2.407887800676672 
1598000 2.4477223814929703 
1599000 2.5657960634971544 
1600000 2.5059774464744398 
1601000 2.4905378370431097 
1602000 2.547488220807079 
1603000 2.5433634034362425 
1604000 2.5532430636908683 
1605000 2.584388271731209 
1606000 2.4891360238408446 
1607000 2.5415318773078797 
1608000 2.5116005860630826 
1609000 2.5077295552626517 
1610000 2.468542240132718 
1611000 2.526322175506113 
1612000 2.5998643452651287 
1613000 2.5528011421682746 
1614000 2.535885232060936 
1615000 2.5534154980252852 
1616000 2.476315419336778 
1617000 2.4647072607126463 
1618000 2.5673427656001393 
1619000 2.5713004721601527 
1620000 2.543017950712548 
1621000 2.5591682733291954 
1622000 2.507743427492544 
1623000 2.5620887942859207 
1624000 2.6559164447820045 
1625000 2.5924498566440684 
1626000 2.555466641937426 
1627000 2.511765806582245 
1628000 2.5007222441985677 
1629000 2.6218576826278026 
1630000 2.6159802499224587 
1631000 2.584869290975131 
1632000 2.577147085042264 
1633000 2.5828389035616737 
1634000 2.6720132861843235 
1635000 2.5756736932297533 
1636000 2.5860197192347925 
1637000 2.58956956929045 
1638000 2.5910043267813765 
1639000 2.5230175796709373 
1640000 2.578876725612417 
1641000 2.5513146118431433 
1642000 2.5532955717281207 
1643000 2.5250897545144526 
1644000 2.526647901423374 
1645000 2.543124684391248 
1646000 2.6017692396333927 
1647000 2.555433864909734 
1648000 2.5613632876694696 
1649000 2.5297255875377402 
1650000 2.523090923494931 
1651000 2.6032201174388376 
1652000 2.5884306437848497 
1653000 2.5388576449968796 
1654000 2.5395322243901024 
1655000 2.565808971230388 
1656000 2.565393789604907 
1657000 2.5943269354205865 
1658000 2.6269956379553707 
1659000 2.5932059054992442 
1660000 2.589170953782051 
1661000 2.643459915062214 
1662000 2.582661720568368 
1663000 2.625653547322545 
1664000 2.5790163273652 
1665000 2.6625692048818475 
1666000 2.5881996224004915 
1667000 2.5527096555875173 
1668000 2.595032299185508 
1669000 2.573269338625656 
1670000 2.5501030854402607 
1671000 2.6791863719763582 
1672000 2.604385897916822 
1673000 2.542156088580173 
1674000 2.5652561694196594 
1675000 2.6528183170478252 
1676000 2.6259405619384317 
1677000 2.657277201965951 
1678000 2.5605787418333446 
1679000 2.530797095517613 
1680000 2.5261981682725305 
1681000 2.5960719008948225 
1682000 2.497903654553075 
1683000 2.5426081907830778 
1684000 2.5227692876502954 
1685000 2.5434204907090967 
1686000 2.5107469582122124 
1687000 2.5166735670093243 
1688000 2.5302796658858404 
1689000 2.537330574795117 
1690000 2.5171529947596305 
1691000 2.5091981730519515 
1692000 2.5606452256905166 
1693000 2.5491239821889167 
1694000 2.49422172442077 
1695000 2.613260138327892 
1696000 2.5712331503941304 
1697000 2.598996896573839 
1698000 2.543667775721721 
1699000 2.5722892777179376 
1700000 2.4622907781612633 
1701000 2.5994523015472697 
1702000 2.613308734994335 
1703000 2.5713587370783024 
1704000 2.5848410013537912 
1705000 2.516014787851339 
1706000 2.5064202103732116 
1707000 2.497459386193025 
1708000 2.5197883173441604 
1709000 2.4352174699420384 
1710000 2.6038409951436217 
1711000 2.548779647245285 
1712000 2.5176201831753646 
1713000 2.5596961816548687 
1714000 2.442089080806904 
1715000 2.5216913328141213 
1716000 2.553885615263391 
1717000 2.576461380772007 
1718000 2.6231804497747957 
1719000 2.5123101355175708 
1720000 2.570713447573699 
1721000 2.518292423648795 
1722000 2.675839597676983 
1723000 2.507791492023615 
1724000 2.549481087757077 
1725000 2.476177571781042 
1726000 2.513780887220595 
1727000 2.5108264810171748 
1728000 2.6288051803084196 
1729000 2.562989082614513 
1730000 2.479809149833518 
1731000 2.4610200210182116 
1732000 2.647238469099986 
1733000 2.578325868168183 
1734000 2.5681775894738603 
1735000 2.5829689759270837 
1736000 2.5244066162904186 
1737000 2.561431249587775 
1738000 2.5556642344282245 
1739000 2.619603050086292 
1740000 2.531342861730989 
1741000 2.5629223199172184 
1742000 2.6290457021018554 
1743000 2.548931462930212 
1744000 2.5305070403167607 
1745000 2.588669212242679 
1746000 2.5260727387542423 
1747000 2.600052666594604 
1748000 2.6030751723915717 
1749000 2.5900438762609124 
1750000 2.6457132640714836 
1751000 2.5020835882810215 
1752000 2.5515452108264163 
1753000 2.5700276727546645 
1754000 2.6516687282038545 
1755000 2.626428702000303 
1756000 2.579193101731885 
1757000 2.5886640543046178 
1758000 2.4459910538182528 
1759000 2.503732911300754 
1760000 2.6208850025722588 
1761000 2.547239126782274 
1762000 2.5743455153562618 
1763000 2.4729357784728783 
1764000 2.6308291700706063 
1765000 2.5303240000194354 
1766000 2.6176601313888743 
1767000 2.575622698663593 
1768000 2.5030608769710314 
1769000 2.5489355080135248 
1770000 2.5550831727370666 
1771000 2.60827158536113 
1772000 2.53481206890386 
1773000 2.5747578217910907 
1774000 2.6190106723280064 
1775000 2.547741780955563 
1776000 2.542263645465512 
1777000 2.568449801595903 
1778000 2.6322793187110634 
1779000 2.576084619868167 
1780000 2.5699749080857557 
1781000 2.5940373135862504 
1782000 2.614762308731468 
1783000 2.6079771534463965 
1784000 2.585875129805055 
1785000 2.6673753567569407 
1786000 2.6124445605403914 
1787000 2.6173795791668244 
1788000 2.6171749021040425 
1789000 2.5648727241049856 
1790000 2.5872864867411525 
1791000 2.677723960539823 
1792000 2.61921208600027 
1793000 2.581073007471199 
1794000 2.645873870678884 
1795000 2.657088326963192 
1796000 2.616469193544572 
1797000 2.7162269183367194 
1798000 2.6101171575589133 
1799000 2.5419170683867716 
1800000 2.6305339357094804 
1801000 2.5864667589861434 
1802000 2.6546273768591693 
1803000 2.65654555135848 
1804000 2.619190869923268 
1805000 2.5934953810249244 
1806000 2.5985817631883803 
1807000 2.596142139968743 
1808000 2.6181617523657397 
1809000 2.6055937335035337 
1810000 2.5614088726130206 
1811000 2.650252515462406 
1812000 2.6671798918538157 
1813000 2.585108173039389 
1814000 2.693206524344265 
1815000 2.644992691590315 
1816000 2.597071461025841 
1817000 2.613408782190153 
1818000 2.5297550969971963 
1819000 2.6597425297470436 
1820000 2.6860579862405354 
1821000 2.603609492519337 
1822000 2.6267286138208696 
1823000 2.6944155479522895 
1824000 2.699919343077677 
1825000 2.6605013069765775 
1826000 2.6598611121172597 
1827000 2.681101759788845 
1828000 2.6321645304666252 
1829000 2.5732488406314857 
1830000 2.585678887385735 
1831000 2.7036999527043872 
1832000 2.7188602004827844 
1833000 2.635528557923463 
1834000 2.621518964958857 
1835000 2.6157009705972714 
1836000 2.6088904877874937 
1837000 2.6162043425191706 
1838000 2.6951615921894043 
1839000 2.6939869797389764 
1840000 2.6808099409838495 
1841000 2.658923966919029 
1842000 2.581395036749193 
1843000 2.6303796583543075 
1844000 2.6435758911565452 
1845000 2.5878553992052113 
1846000 2.688091908011097 
1847000 2.630311044992844 
1848000 2.6473742444825654 
1849000 2.7242517656826775 
1850000 2.693329805184222 
1851000 2.6103204493956764 
1852000 2.6613627812547938 
1853000 2.6686279182534394 
1854000 2.7164415197131597 
1855000 2.650308904510842 
1856000 2.7487434856054844 
1857000 2.6467299659989654 
1858000 2.7011316465081263 
1859000 2.682173156261619 
1860000 2.642666319343972 
1861000 2.8517703523166498 
1862000 2.710096371623673 
1863000 2.726399568851867 
1864000 2.7298904810453197 
1865000 2.757023785607813 
1866000 2.694409956116941 
1867000 2.8049565092854127 
1868000 2.756846822405737 
1869000 2.780788783100835 
1870000 2.751219120231658 
1871000 2.7209574079287946 
1872000 2.7067609091206344 
1873000 2.6729056791401224 
1874000 2.658359806345631 
1875000 2.6785535153612123 
1876000 2.642781880556729 
1877000 2.733163532736031 
1878000 2.750938659898366 
1879000 2.6948174621940737 
1880000 2.745536815846839 
1881000 2.751629215387515 
1882000 2.6959383029809376 
1883000 2.757173149050599 
1884000 2.688912066731828 
1885000 2.6768623362304327 
1886000 2.774662648065551 
1887000 2.720970036861718 
1888000 2.70267477324797 
1889000 2.6678397083041543 
1890000 2.6127540552972044 
1891000 2.698611663559721 
1892000 2.697234790912247 
1893000 2.699327866740461 
1894000 2.67652706606343 
1895000 2.733439174243583 
1896000 2.7034244400871494 
1897000 2.7229631748692777 
1898000 2.6594664455146932 
1899000 2.7066702584697953 
1900000 2.700206525488145 
1901000 2.672359993219062 
1902000 2.7463496327614747 
1903000 2.819548154757728 
1904000 2.731106316733717 
1905000 2.808497778839768 
1906000 2.7471040755661664 
1907000 2.7036348150675735 
1908000 2.672321897565569 
1909000 2.808636054097872 
1910000 2.7776668970487526 
1911000 2.7691630515779018 
1912000 2.789890287579421 
1913000 2.76449137141665 
1914000 2.808425257763356 
1915000 2.7517659133308654 
1916000 2.7207651577401193 
1917000 2.785369772473745 
1918000 2.6572174451815505 
1919000 2.7173644093915343 
1920000 2.744621565769744 
1921000 2.7502283248854544 
1922000 2.656696284428504 
1923000 2.685084071128541 
1924000 2.7482100831546 
1925000 2.6610060335083383 
1926000 2.718840174366319 
1927000 2.7261522723387595 
1928000 2.721839922357994 
1929000 2.833344361899074 
1930000 2.8290593837490046 
1931000 2.773014318387628 
1932000 2.7683752832862725 
1933000 2.744187368352625 
1934000 2.7597944332842066 
1935000 2.630884133375288 
1936000 2.7657325060326863 
1937000 2.676446013708852 
1938000 2.7514181501614305 
1939000 2.812393825807713 
1940000 2.7701028643505636 
1941000 2.751351520099386 
1942000 2.7716247734851676 
1943000 2.7913534365463644 
1944000 2.833420689959889 
1945000 2.8244827679003937 
1946000 2.7398847269364475 
1947000 2.790853135277963 
1948000 2.783853301811954 
1949000 2.7699773419088825 
1950000 2.699547663621984 
1951000 2.7529724201506323 
1952000 2.8038257460500025 
1953000 2.7172743350237103 
1954000 2.786695606601505 
1955000 2.8178806845297517 
1956000 2.7394286756605064 
1957000 2.7983859140827794 
1958000 2.8742713456775313 
1959000 2.814532864850636 
1960000 2.7493632894268463 
1961000 2.7790590051391617 
1962000 2.8071010778069874 
1963000 2.8279278712152505 
1964000 2.8206019097818165 
1965000 2.7923553054222796 
1966000 2.76315946015685 
1967000 2.819525343111051 
1968000 2.808770686033347 
1969000 2.865529336203867 
1970000 2.831534497262905 
1971000 2.766734495928574 
1972000 2.8538021811112584 
1973000 2.7632889422707594 
1974000 2.7753768442172917 
1975000 2.7741034318536704 
1976000 2.7782319612541504 
1977000 2.741305637234873 
1978000 2.684171712286845 
1979000 2.8120131828774753 
1980000 2.7175401974639715 
1981000 2.7294867703543324 
1982000 2.819597188133703 
1983000 2.79613889132844 
1984000 2.8158944690055576 
1985000 2.8517279647123717 
1986000 2.813141523494205 
1987000 2.7575382192540783 
1988000 2.785744967108348 
1989000 2.758540189797221 
1990000 2.747411159721868 
1991000 2.776965618277479 
1992000 2.728555839118579 
1993000 2.741273263771996 
1994000 2.8108108420454228 
1995000 2.6903256569477874 
1996000 2.751307547457608 
1997000 2.7841589632070147 
1998000 2.74947006487134 
1999000 2.726662091416407 
2000000 2.77308608145045 
2001000 2.841011198340354 
2002000 2.7858756451919753 
2003000 2.7839682361812206 
2004000 2.763868465997878 
2005000 2.715270303080233 
2006000 2.7178061618423945 
2007000 2.8559381284594503 
2008000 2.726229691484718 
2009000 2.7825698230343954 
2010000 2.806826842823058 
2011000 2.793231212109305 
2012000 2.8057120502828354 
2013000 2.793008420873615 
2014000 2.861621944581212 
2015000 2.8732662121523513 
2016000 2.8220144803323253 
2017000 2.820639330385665 
2018000 2.7885814844243955 
2019000 2.801743475670577 
2020000 2.8677801800013207 
2021000 2.9145121407618584 
2022000 2.833957041408281 
2023000 2.812864530005342 
2024000 2.9589753396493625 
2025000 2.8478948308441456 
2026000 2.718781635372285 
2027000 2.7460976120016536 
2028000 2.7859465832173465 
2029000 2.7837317807058435 
2030000 2.785385255823091 
2031000 2.7499070883405867 
2032000 2.762698721927136 
2033000 2.7852460723685946 
2034000 2.7432101559593933 
2035000 2.763978327141767 
2036000 2.8728685666121483 
2037000 2.8245182491907124 
2038000 2.763921430082448 
2039000 2.745337557309074 
2040000 2.777918254583781 
2041000 2.776893858286322 
2042000 2.7511131611599646 
2043000 2.7316520790200767 
2044000 2.8227096216855636 
2045000 2.740439427329201 
2046000 2.8111375674636983 
2047000 2.799407806638231 
2048000 2.674014344495491 
2049000 2.791466604098227 
2050000 2.8347263022702225 
2051000 2.779126434190319 
2052000 2.8165151096532033 
2053000 2.881180331116987 
2054000 2.802942005702676 
2055000 2.7631116245816054 
2056000 2.8314888738705037 
2057000 2.7582634397329766 
2058000 2.825745352876845 
2059000 2.860844942789692 
2060000 2.8094078985913216 
2061000 2.753900672467146 
2062000 2.7987668922209448 
2063000 2.77721061624515 
2064000 2.8386578310004307 
2065000 2.7396682381400077 
2066000 2.818820412610657 
2067000 2.8325442922143877 
2068000 2.858070107015718 
2069000 2.8364043150561233 
2070000 2.821675072159138 
2071000 2.8308843568796314 
2072000 2.8235320473593024 
2073000 2.9083491801193744 
2074000 2.8504221123806683 
2075000 2.7721734079901097 
2076000 2.7446761097568775 
2077000 2.791310095435555 
2078000 2.8521048256477894 
2079000 2.7984151208757955 
2080000 2.8309508417715405 
2081000 2.8403820354888505 
2082000 2.7697654005309995 
2083000 2.788381404003331 
2084000 2.7752937409447407 
2085000 2.7339592605814933 
2086000 2.7462661907882997 
2087000 2.798816508265932 
2088000 2.750244377003556 
2089000 2.771885389284352 
2090000 2.887830463556838 
2091000 2.716945703002266 
2092000 2.852952428646214 
2093000 2.824290113662111 
2094000 2.766500333216302 
2095000 2.805020609627014 
2096000 2.791435304270286 
2097000 2.826808864986542 
2098000 2.8148699878910457 
2099000 2.812612704707618 
2100000 2.7353658166309183 
