# Time-averaged data for fix sodiummsdt
# TimeStep c_sodiummsd[4]
100000 3.20117e-31
101000 0.31651
102000 0.323668
103000 0.318326
104000 0.32649
105000 0.32755
106000 0.337605
107000 0.336888
108000 0.338674
109000 0.335965
110000 0.348023
111000 0.339707
112000 0.343754
113000 0.35016
114000 0.356402
115000 0.348995
116000 0.351092
117000 0.351601
118000 0.356763
119000 0.364694
120000 0.362937
121000 0.359071
122000 0.355342
123000 0.361755
124000 0.361776
125000 0.368909
126000 0.369755
127000 0.367464
128000 0.373789
129000 0.379059
130000 0.371617
131000 0.37857
132000 0.37395
133000 0.380965
134000 0.374756
135000 0.372163
136000 0.379812
137000 0.3694
138000 0.382896
139000 0.376129
140000 0.37292
141000 0.378313
142000 0.386442
143000 0.379736
144000 0.380988
145000 0.388203
146000 0.38883
147000 0.391885
148000 0.377991
149000 0.383828
150000 0.387273
151000 0.378083
152000 0.391486
153000 0.393227
154000 0.397275
155000 0.389142
156000 0.396331
157000 0.394472
158000 0.393999
159000 0.392577
160000 0.400025
161000 0.394796
162000 0.400974
163000 0.398409
164000 0.397721
165000 0.403659
166000 0.403965
167000 0.402826
168000 0.402972
169000 0.398075
170000 0.405874
171000 0.404864
172000 0.411174
173000 0.404515
174000 0.405384
175000 0.411617
176000 0.404861
177000 0.410225
178000 0.415109
179000 0.408236
180000 0.419579
181000 0.423953
182000 0.407106
183000 0.415823
184000 0.40989
185000 0.42788
186000 0.411605
187000 0.431787
188000 0.427294
189000 0.425842
190000 0.432692
191000 0.426778
192000 0.42942
193000 0.431944
194000 0.431431
195000 0.436528
196000 0.440278
197000 0.437795
198000 0.445979
199000 0.438677
200000 0.441677
201000 0.438492
202000 0.437816
203000 0.440814
204000 0.440952
205000 0.442863
206000 0.44877
207000 0.442336
208000 0.448919
209000 0.441099
210000 0.436012
211000 0.440412
212000 0.437869
213000 0.447532
214000 0.44222
215000 0.439356
216000 0.439031
217000 0.448898
218000 0.446399
219000 0.445555
220000 0.450098
221000 0.449405
222000 0.454877
223000 0.452123
224000 0.44959
225000 0.453601
226000 0.457086
227000 0.453844
228000 0.451377
229000 0.454011
230000 0.453441
231000 0.4552
232000 0.460962
233000 0.463832
234000 0.466217
235000 0.467002
236000 0.455959
237000 0.463234
238000 0.459676
239000 0.461338
240000 0.460158
241000 0.466462
242000 0.468418
243000 0.462703
244000 0.466761
245000 0.463263
246000 0.465268
247000 0.469335
248000 0.467485
249000 0.477777
250000 0.471489
251000 0.473221
252000 0.467472
253000 0.47263
254000 0.476694
255000 0.479482
256000 0.4737
257000 0.471886
258000 0.471626
259000 0.47849
260000 0.467735
261000 0.464345
262000 0.465896
263000 0.46269
264000 0.464605
265000 0.46263
266000 0.467958
267000 0.470407
268000 0.467187
269000 0.47008
270000 0.481598
271000 0.463205
272000 0.46654
273000 0.470028
274000 0.476665
275000 0.470612
276000 0.475755
277000 0.473146
278000 0.489234
279000 0.475783
280000 0.480645
281000 0.481847
282000 0.483601
283000 0.484274
284000 0.487661
285000 0.48985
286000 0.48166
287000 0.484707
288000 0.488101
289000 0.48836
290000 0.48695
291000 0.496168
292000 0.482227
293000 0.488482
294000 0.481407
295000 0.484424
296000 0.486181
297000 0.483919
298000 0.49003
299000 0.482786
300000 0.487595
301000 0.482705
302000 0.480252
303000 0.485764
304000 0.485132
305000 0.475182
306000 0.489301
307000 0.485685
308000 0.491201
309000 0.480416
310000 0.481547
311000 0.486729
312000 0.490215
313000 0.488571
314000 0.488318
315000 0.490716
316000 0.498412
317000 0.492687
318000 0.493729
319000 0.496746
320000 0.490824
321000 0.489838
322000 0.490809
323000 0.496271
324000 0.487458
325000 0.49694
326000 0.489485
327000 0.494727
328000 0.495694
329000 0.495229
330000 0.500954
331000 0.497574
332000 0.495993
333000 0.50335
334000 0.505043
335000 0.491759
336000 0.497246
337000 0.497666
338000 0.495249
339000 0.500712
340000 0.496694
341000 0.493274
342000 0.494164
343000 0.495408
344000 0.488156
345000 0.497691
346000 0.494549
347000 0.495008
348000 0.488084
349000 0.487091
350000 0.490288
351000 0.489152
352000 0.487339
353000 0.487272
354000 0.497065
355000 0.485298
356000 0.495084
357000 0.487694
358000 0.487624
359000 0.493927
360000 0.484636
361000 0.491389
362000 0.494375
363000 0.482494
364000 0.49413
365000 0.49436
366000 0.48899
367000 0.491997
368000 0.495519
369000 0.493282
370000 0.484869
371000 0.496099
372000 0.490643
373000 0.497834
374000 0.497228
375000 0.496023
376000 0.493652
377000 0.506801
378000 0.492216
379000 0.496208
380000 0.492434
381000 0.498006
382000 0.489656
383000 0.492328
384000 0.495873
385000 0.502652
386000 0.493887
387000 0.491745
388000 0.501379
389000 0.493631
390000 0.50022
391000 0.492845
392000 0.495075
393000 0.494792
394000 0.50159
395000 0.500802
396000 0.496378
397000 0.501415
398000 0.498033
399000 0.502401
400000 0.500506
401000 0.498887
402000 0.500664
403000 0.506641
404000 0.494859
405000 0.501033
406000 0.502223
407000 0.49955
408000 0.496781
409000 0.502932
410000 0.504393
411000 0.494508
412000 0.505291
413000 0.507005
414000 0.504605
415000 0.507922
416000 0.503259
417000 0.500059
418000 0.505943
419000 0.502023
420000 0.506815
421000 0.491289
422000 0.502898
423000 0.501341
424000 0.506665
425000 0.50817
426000 0.506201
427000 0.510039
428000 0.505927
429000 0.508728
430000 0.506194
431000 0.500571
432000 0.507807
433000 0.511701
434000 0.514229
435000 0.505334
436000 0.512194
437000 0.50228
438000 0.516431
439000 0.511801
440000 0.511207
441000 0.513154
442000 0.513278
443000 0.510746
444000 0.505858
445000 0.505485
446000 0.49993
447000 0.505728
448000 0.502405
449000 0.510701
450000 0.51389
451000 0.519135
452000 0.50537
453000 0.516219
454000 0.50916
455000 0.511118
456000 0.502797
457000 0.514069
458000 0.511661
459000 0.506723
460000 0.500626
461000 0.513658
462000 0.512488
463000 0.514631
464000 0.50563
465000 0.511161
466000 0.506597
467000 0.518502
468000 0.523074
469000 0.509879
470000 0.511891
471000 0.51452
472000 0.517332
473000 0.514217
474000 0.509798
475000 0.515382
476000 0.520445
477000 0.509922
478000 0.512428
479000 0.51021
480000 0.520084
481000 0.512934
482000 0.513883
483000 0.514553
484000 0.522005
485000 0.516243
486000 0.522961
487000 0.52455
488000 0.525409
489000 0.522955
490000 0.523529
491000 0.518857
492000 0.528664
493000 0.522807
494000 0.514967
495000 0.517671
496000 0.520477
497000 0.522432
498000 0.523289
499000 0.517327
500000 0.512596
501000 0.518245
502000 0.516951
503000 0.518446
504000 0.515039
505000 0.519031
506000 0.518203
507000 0.523293
508000 0.523105
509000 0.512511
510000 0.518074
511000 0.510395
512000 0.511199
513000 0.515389
514000 0.515976
515000 0.517661
516000 0.519177
517000 0.521933
518000 0.516233
519000 0.522157
520000 0.528103
521000 0.518689
522000 0.518409
523000 0.518647
524000 0.518727
525000 0.516652
526000 0.508879
527000 0.513468
528000 0.509733
529000 0.520108
530000 0.511027
531000 0.515758
532000 0.521032
533000 0.518375
534000 0.52339
535000 0.510879
536000 0.505836
537000 0.50837
538000 0.511104
539000 0.510067
540000 0.511514
541000 0.512051
542000 0.524524
543000 0.518642
544000 0.52176
545000 0.50969
546000 0.523266
547000 0.510447
548000 0.510326
549000 0.508781
550000 0.514513
551000 0.509916
552000 0.514813
553000 0.509523
554000 0.511473
555000 0.511901
556000 0.512202
557000 0.502053
558000 0.503596
559000 0.507614
560000 0.507214
561000 0.503205
562000 0.507176
563000 0.506636
564000 0.507213
565000 0.510766
566000 0.506872
567000 0.500519
568000 0.500576
569000 0.497293
570000 0.499191
571000 0.511013
572000 0.503269
573000 0.509555
574000 0.513332
575000 0.508071
576000 0.508293
577000 0.514044
578000 0.507139
579000 0.523552
580000 0.51626
581000 0.512642
582000 0.518893
583000 0.508714
584000 0.515666
585000 0.516
586000 0.509109
587000 0.510903
588000 0.513943
589000 0.515337
590000 0.514296
591000 0.517614
592000 0.512637
593000 0.512737
594000 0.509318
595000 0.517934
596000 0.51592
597000 0.518185
598000 0.52384
599000 0.50792
600000 0.525437
601000 0.512904
602000 0.526345
603000 0.531489
604000 0.521807
605000 0.522895
606000 0.513467
607000 0.514762
608000 0.518508
609000 0.523259
610000 0.523273
611000 0.532478
612000 0.523465
613000 0.53096
614000 0.520929
615000 0.523206
616000 0.518509
617000 0.518109
618000 0.522629
619000 0.524178
620000 0.526635
621000 0.529693
622000 0.530562
623000 0.529974
624000 0.527265
625000 0.52895
626000 0.521026
627000 0.519771
628000 0.523554
629000 0.526143
630000 0.525126
631000 0.533439
632000 0.522591
633000 0.524342
634000 0.529789
635000 0.532326
636000 0.528715
637000 0.532792
638000 0.528833
639000 0.530592
640000 0.530169
641000 0.526341
642000 0.527285
643000 0.52414
644000 0.52987
645000 0.522228
646000 0.530574
647000 0.522601
648000 0.529623
649000 0.534643
650000 0.525173
651000 0.528971
652000 0.537538
653000 0.535537
654000 0.535212
655000 0.535509
656000 0.534524
657000 0.532949
658000 0.537169
659000 0.53222
660000 0.532496
661000 0.533898
662000 0.537459
663000 0.529794
664000 0.538467
665000 0.530042
666000 0.538797
667000 0.533969
668000 0.542885
669000 0.533481
670000 0.544987
671000 0.535603
672000 0.545945
673000 0.54236
674000 0.538464
675000 0.540986
676000 0.52942
677000 0.527713
678000 0.540802
679000 0.536505
680000 0.528825
681000 0.535052
682000 0.54061
683000 0.540129
684000 0.533899
685000 0.533346
686000 0.530148
687000 0.540737
688000 0.535039
689000 0.532897
690000 0.537722
691000 0.535625
692000 0.535793
693000 0.527003
694000 0.53556
695000 0.537244
696000 0.536434
697000 0.536632
698000 0.544194
699000 0.539024
700000 0.526204
701000 0.533512
702000 0.534628
703000 0.532255
704000 0.531875
705000 0.531679
706000 0.534214
707000 0.5311
708000 0.531743
709000 0.53253
710000 0.533859
711000 0.538582
712000 0.546186
713000 0.534861
714000 0.537248
715000 0.545126
716000 0.5418
717000 0.545472
718000 0.542084
719000 0.539251
720000 0.54333
721000 0.539918
722000 0.543923
723000 0.534269
724000 0.545256
725000 0.547603
726000 0.541932
727000 0.539436
728000 0.544947
729000 0.540366
730000 0.539645
731000 0.541691
732000 0.548785
733000 0.541804
734000 0.548518
735000 0.542163
736000 0.552907
737000 0.540156
738000 0.539729
739000 0.548156
740000 0.549156
741000 0.551875
742000 0.555784
743000 0.546941
744000 0.546714
745000 0.545966
746000 0.547292
747000 0.547108
748000 0.541284
749000 0.537354
750000 0.545612
751000 0.541408
752000 0.543407
753000 0.546966
754000 0.551335
755000 0.54591
756000 0.552147
757000 0.548371
758000 0.550518
759000 0.555878
760000 0.547325
761000 0.543593
762000 0.541674
763000 0.547018
764000 0.545512
765000 0.549755
766000 0.542428
767000 0.548463
768000 0.551897
769000 0.549321
770000 0.552767
771000 0.549938
772000 0.551455
773000 0.555063
774000 0.553958
775000 0.55506
776000 0.556092
777000 0.546185
778000 0.553831
779000 0.556178
780000 0.54445
781000 0.545999
782000 0.543945
783000 0.543398
784000 0.54582
785000 0.555008
786000 0.550833
787000 0.553882
788000 0.557911
789000 0.550129
790000 0.551393
791000 0.554771
792000 0.548833
793000 0.557536
794000 0.554606
795000 0.556727
796000 0.550164
797000 0.552164
798000 0.556836
799000 0.551111
800000 0.555421
801000 0.555539
802000 0.547044
803000 0.555169
804000 0.556492
805000 0.548952
806000 0.552401
807000 0.56008
808000 0.54945
809000 0.549832
810000 0.550479
811000 0.552352
812000 0.544892
813000 0.553055
814000 0.547726
815000 0.554317
816000 0.539472
817000 0.543789
818000 0.548352
819000 0.538397
820000 0.538552
821000 0.538593
822000 0.536589
823000 0.540434
824000 0.542057
825000 0.539091
826000 0.545184
827000 0.544439
828000 0.546641
829000 0.542698
830000 0.549102
831000 0.542903
832000 0.547261
833000 0.540229
834000 0.546595
835000 0.549375
836000 0.546163
837000 0.543183
838000 0.545678
839000 0.54242
840000 0.552584
841000 0.556197
842000 0.550038
843000 0.55976
844000 0.557344
845000 0.559537
846000 0.55748
847000 0.556842
848000 0.564595
849000 0.558212
850000 0.552544
851000 0.559702
852000 0.558856
853000 0.565315
854000 0.561318
855000 0.559219
856000 0.562618
857000 0.565703
858000 0.557165
859000 0.565094
860000 0.556304
861000 0.563545
862000 0.566094
863000 0.559756
864000 0.564442
865000 0.559679
866000 0.56729
867000 0.566754
868000 0.560515
869000 0.565232
870000 0.554132
871000 0.562205
872000 0.549883
873000 0.562464
874000 0.551183
875000 0.553055
876000 0.557232
877000 0.555016
878000 0.549769
879000 0.560411
880000 0.559885
881000 0.572157
882000 0.549764
883000 0.5545
884000 0.550645
885000 0.554797
886000 0.554657
887000 0.549854
888000 0.557926
889000 0.553629
890000 0.553734
891000 0.553082
892000 0.552906
893000 0.5611
894000 0.559562
895000 0.55055
896000 0.552977
897000 0.550943
898000 0.552583
899000 0.549915
900000 0.554695
901000 0.552409
902000 0.566599
903000 0.554663
904000 0.562798
905000 0.555249
906000 0.560082
907000 0.564174
908000 0.558985
909000 0.567869
910000 0.553122
911000 0.560786
912000 0.548955
913000 0.562535
914000 0.561492
915000 0.553674
916000 0.561418
917000 0.566098
918000 0.561317
919000 0.553085
920000 0.555289
921000 0.56611
922000 0.55644
923000 0.563465
924000 0.562873
925000 0.558917
926000 0.565655
927000 0.562308
928000 0.56223
929000 0.561486
930000 0.555565
931000 0.558317
932000 0.554552
933000 0.554995
934000 0.559538
935000 0.558292
936000 0.553689
937000 0.553731
938000 0.55649
939000 0.564614
940000 0.556468
941000 0.562538
942000 0.559317
943000 0.561265
944000 0.561198
945000 0.555447
946000 0.568799
947000 0.562082
948000 0.569569
949000 0.559188
950000 0.57005
951000 0.556379
952000 0.566481
953000 0.56066
954000 0.560121
955000 0.552628
956000 0.564859
957000 0.557333
958000 0.56137
959000 0.557177
960000 0.561008
961000 0.562366
962000 0.550102
963000 0.556362
964000 0.555349
965000 0.546312
966000 0.554033
967000 0.558436
968000 0.562068
969000 0.559888
970000 0.571072
971000 0.554861
972000 0.553195
973000 0.554761
974000 0.560669
975000 0.566748
976000 0.568832
977000 0.554199
978000 0.563301
979000 0.55628
980000 0.565508
981000 0.561398
982000 0.556736
983000 0.567504
984000 0.559667
985000 0.560473
986000 0.564918
987000 0.561391
988000 0.549116
989000 0.55699
990000 0.550745
991000 0.562736
992000 0.556697
993000 0.562614
994000 0.56693
995000 0.568657
996000 0.564502
997000 0.569789
998000 0.563225
999000 0.570989
1000000 0.569815
1001000 0.569133
1002000 0.565562
1003000 0.566888
1004000 0.570627
1005000 0.562556
1006000 0.565207
1007000 0.564467
1008000 0.57036
1009000 0.564407
1010000 0.567425
1011000 0.570479
1012000 0.567674
1013000 0.567346
1014000 0.575096
1015000 0.57155
1016000 0.560029
1017000 0.569897
1018000 0.560518
1019000 0.565193
1020000 0.568174
1021000 0.561933
1022000 0.5723
1023000 0.573296
1024000 0.568079
1025000 0.580747
1026000 0.577821
1027000 0.580618
1028000 0.57413
1029000 0.569508
1030000 0.571854
1031000 0.573572
1032000 0.560616
1033000 0.578276
1034000 0.574152
1035000 0.569705
1036000 0.56006
1037000 0.569217
1038000 0.566844
1039000 0.568113
1040000 0.576045
1041000 0.577228
1042000 0.568818
1043000 0.568363
1044000 0.578166
1045000 0.574469
1046000 0.562346
1047000 0.564345
1048000 0.574421
1049000 0.565787
1050000 0.565086
1051000 0.566787
1052000 0.572954
1053000 0.57408
1054000 0.573268
1055000 0.562481
1056000 0.570538
1057000 0.571407
1058000 0.568746
1059000 0.576421
1060000 0.571028
1061000 0.573302
1062000 0.573663
1063000 0.573991
1064000 0.570257
1065000 0.567193
1066000 0.566856
1067000 0.565675
1068000 0.573866
1069000 0.573023
1070000 0.571582
1071000 0.571973
1072000 0.564823
1073000 0.57756
1074000 0.572206
1075000 0.572002
1076000 0.561499
1077000 0.573832
1078000 0.570749
1079000 0.566657
1080000 0.566837
1081000 0.572845
1082000 0.569978
1083000 0.56248
1084000 0.567472
1085000 0.571753
1086000 0.576331
1087000 0.569533
1088000 0.571308
1089000 0.5708
1090000 0.570191
1091000 0.561179
1092000 0.566924
1093000 0.577512
1094000 0.572414
1095000 0.565302
1096000 0.571063
1097000 0.571055
1098000 0.563501
1099000 0.573683
1100000 0.572509
1101000 0.571632
1102000 0.575831
1103000 0.579841
1104000 0.57665
1105000 0.57243
1106000 0.56996
1107000 0.576023
1108000 0.578234
1109000 0.573393
1110000 0.569446
1111000 0.578207
1112000 0.5719
1113000 0.57153
1114000 0.570812
1115000 0.567185
1116000 0.565214
1117000 0.575351
1118000 0.575646
1119000 0.578599
1120000 0.586266
1121000 0.577796
1122000 0.579573
1123000 0.574583
1124000 0.585464
1125000 0.57896
1126000 0.580493
1127000 0.578181
1128000 0.576806
1129000 0.570126
1130000 0.57686
1131000 0.575968
1132000 0.575925
1133000 0.583015
1134000 0.583076
1135000 0.58933
1136000 0.582106
1137000 0.581996
1138000 0.575417
1139000 0.588519
1140000 0.581214
1141000 0.582927
1142000 0.581692
1143000 0.580963
1144000 0.587294
1145000 0.586681
1146000 0.584864
1147000 0.581329
1148000 0.581572
1149000 0.581072
1150000 0.593958
1151000 0.576033
1152000 0.590295
1153000 0.586208
1154000 0.587575
1155000 0.598445
1156000 0.588247
1157000 0.588626
1158000 0.589378
1159000 0.588034
1160000 0.587161
1161000 0.592879
1162000 0.589133
1163000 0.592175
1164000 0.584834
1165000 0.583495
1166000 0.584988
1167000 0.588349
1168000 0.590142
1169000 0.587283
1170000 0.584539
1171000 0.584944
1172000 0.58488
1173000 0.582184
1174000 0.588933
1175000 0.594063
1176000 0.593402
1177000 0.591135
1178000 0.590232
1179000 0.592408
1180000 0.596618
1181000 0.580767
1182000 0.582408
1183000 0.592418
1184000 0.587232
1185000 0.598464
1186000 0.585346
1187000 0.589591
1188000 0.592197
1189000 0.597301
1190000 0.58776
1191000 0.591526
1192000 0.586149
1193000 0.596557
1194000 0.595031
1195000 0.593569
1196000 0.599835
1197000 0.596499
1198000 0.591473
1199000 0.583355
1200000 0.600246
1201000 0.594905
1202000 0.594322
1203000 0.596631
1204000 0.600259
1205000 0.592646
1206000 0.590636
1207000 0.591634
1208000 0.588442
1209000 0.589491
1210000 0.587532
1211000 0.58961
1212000 0.595225
1213000 0.591288
1214000 0.58866
1215000 0.584412
1216000 0.601626
1217000 0.590216
1218000 0.59165
1219000 0.59015
1220000 0.591171
1221000 0.589306
1222000 0.584756
1223000 0.595709
1224000 0.583152
1225000 0.589252
1226000 0.586185
1227000 0.581534
1228000 0.585535
1229000 0.598445
1230000 0.585247
1231000 0.584037
1232000 0.58556
1233000 0.585382
1234000 0.592486
1235000 0.587188
1236000 0.583244
1237000 0.586713
1238000 0.590158
1239000 0.582779
1240000 0.587614
1241000 0.595659
1242000 0.587612
1243000 0.588376
1244000 0.589121
1245000 0.590956
1246000 0.590926
1247000 0.590315
1248000 0.590674
1249000 0.593739
1250000 0.590525
1251000 0.584192
1252000 0.580301
1253000 0.592936
1254000 0.591276
1255000 0.591717
1256000 0.580289
1257000 0.582534
1258000 0.583368
1259000 0.590464
1260000 0.582831
1261000 0.584753
1262000 0.586738
1263000 0.5803
1264000 0.587166
1265000 0.593291
1266000 0.584394
1267000 0.584091
1268000 0.584982
1269000 0.582899
1270000 0.584687
1271000 0.587148
1272000 0.585339
1273000 0.587387
1274000 0.588273
1275000 0.585149
1276000 0.588176
1277000 0.588358
1278000 0.595933
1279000 0.582069
1280000 0.590457
1281000 0.595747
1282000 0.58245
1283000 0.590028
1284000 0.587047
1285000 0.595362
1286000 0.593808
1287000 0.59338
1288000 0.589766
1289000 0.595365
1290000 0.601933
1291000 0.597933
1292000 0.592868
1293000 0.593969
1294000 0.594321
1295000 0.58992
1296000 0.589092
1297000 0.582817
1298000 0.596029
1299000 0.589656
1300000 0.595869
1301000 0.579425
1302000 0.590255
1303000 0.587586
1304000 0.587487
1305000 0.592224
1306000 0.588374
1307000 0.592082
1308000 0.589368
1309000 0.591634
1310000 0.581531
1311000 0.591184
1312000 0.589979
1313000 0.59707
1314000 0.586698
1315000 0.582402
1316000 0.583226
1317000 0.590478
1318000 0.590901
1319000 0.584005
1320000 0.580303
1321000 0.596493
1322000 0.573499
1323000 0.578302
1324000 0.58271
1325000 0.584757
1326000 0.592045
1327000 0.58662
1328000 0.583038
1329000 0.590215
1330000 0.596169
1331000 0.589567
1332000 0.586542
1333000 0.582592
1334000 0.597689
1335000 0.589708
1336000 0.586379
1337000 0.587317
1338000 0.600682
1339000 0.582858
1340000 0.580065
1341000 0.591692
1342000 0.587729
1343000 0.590845
1344000 0.597604
1345000 0.593561
1346000 0.588808
1347000 0.596501
1348000 0.582877
1349000 0.599812
1350000 0.600401
1351000 0.593642
1352000 0.587331
1353000 0.589927
1354000 0.587337
1355000 0.596184
1356000 0.591936
1357000 0.590657
1358000 0.590708
1359000 0.592933
1360000 0.600033
1361000 0.588973
1362000 0.598519
1363000 0.600882
1364000 0.602365
1365000 0.587246
1366000 0.600523
1367000 0.599458
1368000 0.596743
1369000 0.596454
1370000 0.598974
1371000 0.593355
1372000 0.590897
1373000 0.587091
1374000 0.587719
1375000 0.596621
1376000 0.598078
1377000 0.599131
1378000 0.590774
1379000 0.593455
1380000 0.596873
1381000 0.593154
1382000 0.592917
1383000 0.598273
1384000 0.595071
1385000 0.590068
1386000 0.579737
1387000 0.59135
1388000 0.584224
1389000 0.591109
1390000 0.587748
1391000 0.5871
1392000 0.596281
1393000 0.590532
1394000 0.58988
1395000 0.600791
1396000 0.588488
1397000 0.586934
1398000 0.590902
1399000 0.590103
1400000 0.589513
1401000 0.593883
1402000 0.592464
1403000 0.594767
1404000 0.600192
1405000 0.589568
1406000 0.584947
1407000 0.589735
1408000 0.57863
1409000 0.587429
1410000 0.587355
1411000 0.588935
1412000 0.577551
1413000 0.591973
1414000 0.584032
1415000 0.583591
1416000 0.581852
1417000 0.590484
1418000 0.584861
1419000 0.580427
1420000 0.581468
1421000 0.588974
1422000 0.58415
1423000 0.585974
1424000 0.586089
1425000 0.589539
1426000 0.593496
1427000 0.584073
1428000 0.583853
1429000 0.586283
1430000 0.589175
1431000 0.583661
1432000 0.58818
1433000 0.584161
1434000 0.586931
1435000 0.586288
1436000 0.584507
1437000 0.589108
1438000 0.589391
1439000 0.59246
1440000 0.588519
1441000 0.597097
1442000 0.589953
1443000 0.59093
1444000 0.595786
1445000 0.58546
1446000 0.587127
1447000 0.59691
1448000 0.58946
1449000 0.590304
1450000 0.589865
1451000 0.58716
1452000 0.599809
1453000 0.593872
1454000 0.58223
1455000 0.589484
1456000 0.590662
1457000 0.592612
1458000 0.596405
1459000 0.5921
1460000 0.591555
1461000 0.585822
1462000 0.586475
1463000 0.589704
1464000 0.585532
1465000 0.589439
1466000 0.593111
1467000 0.594398
1468000 0.585224
1469000 0.595676
1470000 0.590693
1471000 0.595349
1472000 0.594843
1473000 0.594434
1474000 0.593546
1475000 0.590322
1476000 0.603724
1477000 0.596266
1478000 0.598982
1479000 0.595582
1480000 0.596399
1481000 0.591927
1482000 0.589981
1483000 0.589485
1484000 0.596337
1485000 0.597852
1486000 0.580317
1487000 0.589466
1488000 0.59063
1489000 0.587342
1490000 0.589179
1491000 0.584651
1492000 0.585408
1493000 0.58774
1494000 0.594842
1495000 0.584359
1496000 0.59008
1497000 0.583497
1498000 0.592278
1499000 0.593197
1500000 0.598467
1501000 0.588238
1502000 0.593529
1503000 0.592741
1504000 0.594129
1505000 0.588522
1506000 0.593833
1507000 0.592136
1508000 0.5966
1509000 0.587083
1510000 0.592766
1511000 0.595655
1512000 0.591779
1513000 0.5929
1514000 0.591057
1515000 0.601211
1516000 0.59605
1517000 0.602085
1518000 0.589544
1519000 0.597846
1520000 0.595997
1521000 0.591823
1522000 0.591456
1523000 0.595803
1524000 0.591638
1525000 0.591621
1526000 0.594972
1527000 0.587207
1528000 0.593466
1529000 0.587459
1530000 0.589746
1531000 0.588616
1532000 0.59534
1533000 0.589555
1534000 0.583708
1535000 0.592122
1536000 0.58718
1537000 0.591858
1538000 0.584147
1539000 0.593122
1540000 0.585467
1541000 0.588591
1542000 0.594275
1543000 0.585533
1544000 0.590771
1545000 0.588318
1546000 0.585943
1547000 0.592309
1548000 0.591325
1549000 0.593152
1550000 0.594921
1551000 0.587459
1552000 0.596972
1553000 0.585627
1554000 0.589902
1555000 0.594984
1556000 0.591547
1557000 0.595202
1558000 0.595999
1559000 0.593753
1560000 0.597442
1561000 0.590486
1562000 0.596275
1563000 0.593448
1564000 0.59436
1565000 0.591847
1566000 0.598941
1567000 0.597575
1568000 0.585422
1569000 0.604912
1570000 0.592303
1571000 0.593913
1572000 0.602718
1573000 0.603073
1574000 0.591181
1575000 0.593267
1576000 0.60659
1577000 0.606121
1578000 0.591918
1579000 0.602555
1580000 0.599187
1581000 0.602802
1582000 0.605241
1583000 0.602105
1584000 0.593149
1585000 0.603132
1586000 0.60137
1587000 0.600883
1588000 0.587767
1589000 0.595458
1590000 0.608449
1591000 0.611661
1592000 0.60237
1593000 0.599544
1594000 0.601335
1595000 0.60038
1596000 0.610233
1597000 0.60836
1598000 0.599565
1599000 0.603607
1600000 0.599236
1601000 0.608518
1602000 0.612643
1603000 0.602867
1604000 0.605013
1605000 0.603264
1606000 0.604245
1607000 0.607132
1608000 0.605445
1609000 0.598497
1610000 0.606393
1611000 0.599864
1612000 0.594409
1613000 0.591876
1614000 0.602113
1615000 0.607152
1616000 0.59435
1617000 0.603089
1618000 0.604901
1619000 0.607937
1620000 0.609873
1621000 0.605358
1622000 0.598724
1623000 0.603689
1624000 0.602605
1625000 0.604949
1626000 0.60555
1627000 0.605461
1628000 0.607029
1629000 0.603737
1630000 0.600306
1631000 0.598484
1632000 0.61066
1633000 0.609937
1634000 0.605831
1635000 0.603587
1636000 0.614874
1637000 0.606821
1638000 0.608205
1639000 0.601715
1640000 0.607401
1641000 0.602069
1642000 0.60271
1643000 0.599433
1644000 0.604971
1645000 0.598162
1646000 0.607818
1647000 0.617516
1648000 0.619587
1649000 0.606239
1650000 0.601298
1651000 0.61126
1652000 0.602527
1653000 0.608708
1654000 0.605313
1655000 0.611592
1656000 0.605963
1657000 0.609497
1658000 0.609252
1659000 0.60707
1660000 0.610965
1661000 0.608195
1662000 0.610081
1663000 0.601154
1664000 0.607848
1665000 0.612203
1666000 0.603917
1667000 0.60113
1668000 0.611113
1669000 0.614252
1670000 0.609699
1671000 0.611279
1672000 0.613864
1673000 0.606684
1674000 0.607382
1675000 0.608167
1676000 0.607677
1677000 0.597154
1678000 0.597101
1679000 0.597101
1680000 0.608162
1681000 0.600263
1682000 0.603183
1683000 0.596543
1684000 0.605594
1685000 0.60685
1686000 0.595277
1687000 0.605122
1688000 0.604742
1689000 0.605509
1690000 0.603731
1691000 0.599516
1692000 0.603604
1693000 0.609786
1694000 0.603569
1695000 0.606864
1696000 0.602065
1697000 0.606764
1698000 0.598024
1699000 0.610523
1700000 0.603537
1701000 0.606153
1702000 0.61214
1703000 0.607207
1704000 0.608337
1705000 0.609155
1706000 0.604929
1707000 0.599382
1708000 0.61324
1709000 0.601634
1710000 0.601131
1711000 0.601946
1712000 0.608785
1713000 0.607305
1714000 0.609684
1715000 0.613635
1716000 0.61234
1717000 0.607441
1718000 0.605446
1719000 0.60612
1720000 0.597794
1721000 0.599517
1722000 0.611413
1723000 0.608195
1724000 0.607199
1725000 0.612379
1726000 0.613809
1727000 0.608757
1728000 0.610193
1729000 0.611884
1730000 0.607144
1731000 0.612609
1732000 0.615003
1733000 0.605537
1734000 0.618844
1735000 0.608583
1736000 0.619135
1737000 0.613525
1738000 0.619414
1739000 0.604441
1740000 0.615431
1741000 0.610926
1742000 0.618041
1743000 0.612758
1744000 0.612617
1745000 0.609359
1746000 0.614332
1747000 0.62135
1748000 0.619701
1749000 0.62346
1750000 0.617411
1751000 0.616545
1752000 0.617861
1753000 0.611238
1754000 0.620405
1755000 0.621162
1756000 0.617573
1757000 0.61188
1758000 0.616677
1759000 0.615098
1760000 0.615004
1761000 0.610311
1762000 0.606185
1763000 0.615349
1764000 0.604716
1765000 0.609901
1766000 0.600159
1767000 0.610319
1768000 0.601011
1769000 0.609684
1770000 0.610952
1771000 0.607491
1772000 0.605642
1773000 0.605212
1774000 0.61551
1775000 0.609917
1776000 0.609378
1777000 0.606997
1778000 0.622572
1779000 0.609909
1780000 0.59968
1781000 0.611375
1782000 0.610045
1783000 0.615825
1784000 0.617727
1785000 0.610725
1786000 0.620005
1787000 0.613029
1788000 0.617535
1789000 0.611683
1790000 0.612219
1791000 0.614265
1792000 0.615669
1793000 0.613786
1794000 0.612715
1795000 0.610605
1796000 0.610279
1797000 0.613619
1798000 0.612477
1799000 0.604296
1800000 0.607654
1801000 0.618228
1802000 0.609289
1803000 0.613435
1804000 0.610181
1805000 0.611351
1806000 0.606914
1807000 0.615556
1808000 0.621802
1809000 0.608268
1810000 0.612129
1811000 0.618658
1812000 0.61769
1813000 0.621049
1814000 0.619596
1815000 0.622487
1816000 0.621189
1817000 0.616731
1818000 0.615954
1819000 0.623622
1820000 0.618262
1821000 0.621223
1822000 0.622995
1823000 0.615612
1824000 0.614348
1825000 0.619032
1826000 0.619677
1827000 0.622089
1828000 0.623642
1829000 0.614389
1830000 0.625021
1831000 0.62303
1832000 0.612691
1833000 0.619576
1834000 0.618178
1835000 0.617063
1836000 0.60389
1837000 0.611593
1838000 0.614632
1839000 0.607082
1840000 0.615074
1841000 0.607244
1842000 0.608258
1843000 0.609689
1844000 0.612522
1845000 0.600031
1846000 0.609165
1847000 0.601754
1848000 0.619624
1849000 0.611687
1850000 0.603791
1851000 0.612613
1852000 0.607061
1853000 0.615501
1854000 0.613481
1855000 0.611014
1856000 0.606606
1857000 0.607116
1858000 0.610948
1859000 0.622094
1860000 0.60539
1861000 0.617855
1862000 0.614815
1863000 0.613927
1864000 0.612812
1865000 0.615834
1866000 0.617553
1867000 0.615604
1868000 0.614608
1869000 0.605331
1870000 0.621402
1871000 0.61921
1872000 0.617419
1873000 0.616199
1874000 0.626997
1875000 0.624133
1876000 0.616319
1877000 0.619388
1878000 0.608255
1879000 0.622292
1880000 0.622514
1881000 0.622151
1882000 0.62149
1883000 0.625112
1884000 0.611928
1885000 0.626456
1886000 0.618969
1887000 0.622961
1888000 0.610088
1889000 0.616131
1890000 0.615206
1891000 0.611041
1892000 0.618932
1893000 0.61452
1894000 0.609573
1895000 0.623284
1896000 0.618043
1897000 0.619398
1898000 0.611565
1899000 0.623003
1900000 0.619786
1901000 0.614271
1902000 0.61823
1903000 0.614811
1904000 0.61568
1905000 0.61479
1906000 0.605746
1907000 0.615791
1908000 0.61547
1909000 0.625897
1910000 0.616604
1911000 0.627534
1912000 0.621995
1913000 0.624504
1914000 0.625632
1915000 0.6279
1916000 0.622457
1917000 0.621427
1918000 0.625586
1919000 0.619957
1920000 0.617591
1921000 0.610489
1922000 0.624714
1923000 0.616287
1924000 0.623146
1925000 0.619844
1926000 0.622772
1927000 0.620298
1928000 0.615696
1929000 0.629637
1930000 0.608698
1931000 0.6265
1932000 0.619885
1933000 0.621732
1934000 0.624388
1935000 0.623763
1936000 0.62161
1937000 0.619933
1938000 0.615289
1939000 0.620695
1940000 0.613671
1941000 0.6226
1942000 0.615147
1943000 0.615518
1944000 0.625893
1945000 0.619204
1946000 0.623202
1947000 0.616292
1948000 0.622662
1949000 0.627754
1950000 0.619649
1951000 0.620586
1952000 0.621515
1953000 0.613037
1954000 0.62907
1955000 0.617997
1956000 0.611595
1957000 0.613082
1958000 0.61545
1959000 0.621055
1960000 0.608646
1961000 0.613231
1962000 0.608042
1963000 0.613237
1964000 0.611472
1965000 0.613724
1966000 0.620489
1967000 0.619883
1968000 0.612138
1969000 0.620806
1970000 0.617898
1971000 0.616192
1972000 0.618623
1973000 0.626575
1974000 0.624573
1975000 0.616392
1976000 0.618119
1977000 0.61657
1978000 0.622193
1979000 0.626872
1980000 0.62114
1981000 0.620683
1982000 0.633258
1983000 0.61782
1984000 0.618766
1985000 0.631613
1986000 0.629955
1987000 0.628681
1988000 0.629581
1989000 0.626674
1990000 0.618802
1991000 0.626692
1992000 0.625295
1993000 0.625994
1994000 0.632111
1995000 0.634763
1996000 0.624713
1997000 0.6316
1998000 0.629947
1999000 0.627996
2000000 0.633978
2001000 0.618603
2002000 0.62824
2003000 0.63409
2004000 0.624507
2005000 0.627101
2006000 0.634578
2007000 0.637045
2008000 0.631638
2009000 0.631283
2010000 0.628709
2011000 0.627146
2012000 0.629931
2013000 0.621811
2014000 0.630824
2015000 0.630099
2016000 0.616555
2017000 0.625618
2018000 0.631559
2019000 0.619703
2020000 0.633933
2021000 0.626757
2022000 0.621096
2023000 0.62113
2024000 0.634267
2025000 0.624759
2026000 0.624788
2027000 0.635234
2028000 0.626255
2029000 0.631856
2030000 0.632235
2031000 0.635625
2032000 0.631817
2033000 0.635119
2034000 0.626196
2035000 0.630491
2036000 0.629672
2037000 0.625996
2038000 0.624037
2039000 0.641188
2040000 0.627835
2041000 0.626309
2042000 0.633458
2043000 0.625281
2044000 0.624373
2045000 0.625768
2046000 0.628752
2047000 0.621554
2048000 0.637156
2049000 0.627565
2050000 0.633547
2051000 0.628999
2052000 0.618141
2053000 0.622074
2054000 0.634274
2055000 0.626737
2056000 0.621292
2057000 0.623072
2058000 0.63239
2059000 0.627608
2060000 0.623289
2061000 0.62202
2062000 0.629686
2063000 0.62856
2064000 0.624033
2065000 0.632998
2066000 0.621226
2067000 0.62069
2068000 0.618452
2069000 0.622478
2070000 0.613897
2071000 0.619112
2072000 0.615471
2073000 0.610886
2074000 0.611734
2075000 0.616504
2076000 0.619208
2077000 0.622035
2078000 0.612694
2079000 0.608515
2080000 0.615566
2081000 0.617704
2082000 0.621258
2083000 0.618761
2084000 0.615979
2085000 0.62258
2086000 0.621364
2087000 0.624124
2088000 0.615565
2089000 0.615966
2090000 0.615824
2091000 0.615871
2092000 0.613161
2093000 0.615607
2094000 0.615366
2095000 0.61426
2096000 0.618066
2097000 0.613249
2098000 0.616008
2099000 0.615577
2100000 0.61881
2101000 0.615757
2102000 0.618225
2103000 0.615997
2104000 0.618537
2105000 0.608189
2106000 0.608058
2107000 0.614751
2108000 0.615239
2109000 0.613725
2110000 0.613982
2111000 0.611443
2112000 0.620529
2113000 0.620519
2114000 0.614352
2115000 0.617033
2116000 0.619631
2117000 0.626652
2118000 0.626992
2119000 0.616042
2120000 0.617683
2121000 0.627768
2122000 0.621163
2123000 0.630281
2124000 0.625738
2125000 0.626105
2126000 0.609039
2127000 0.622273
2128000 0.611898
2129000 0.614977
2130000 0.624105
2131000 0.61048
2132000 0.627238
2133000 0.621006
2134000 0.623091
2135000 0.616174
2136000 0.62938
2137000 0.633767
2138000 0.62968
2139000 0.637182
2140000 0.630878
2141000 0.622054
2142000 0.626677
2143000 0.625273
2144000 0.622155
2145000 0.622527
2146000 0.628185
2147000 0.630315
2148000 0.618977
2149000 0.62767
2150000 0.621558
2151000 0.623169
2152000 0.617758
2153000 0.620635
2154000 0.624672
2155000 0.62275
2156000 0.620075
2157000 0.625279
2158000 0.621279
2159000 0.627745
2160000 0.611917
2161000 0.624871
2162000 0.625305
2163000 0.614993
2164000 0.625566
2165000 0.619058
2166000 0.615513
2167000 0.622616
2168000 0.621568
2169000 0.620815
2170000 0.610124
2171000 0.621228
2172000 0.624152
2173000 0.612554
2174000 0.61627
2175000 0.611431
2176000 0.618252
2177000 0.615845
2178000 0.615809
2179000 0.618248
2180000 0.61244
2181000 0.609426
2182000 0.616954
2183000 0.625103
2184000 0.616622
2185000 0.62124
2186000 0.612346
2187000 0.622385
2188000 0.622776
2189000 0.612119
2190000 0.619261
2191000 0.619795
2192000 0.618864
2193000 0.616349
2194000 0.614717
2195000 0.619667
2196000 0.618312
2197000 0.624188
2198000 0.613303
2199000 0.614093
2200000 0.618185
2201000 0.61754
2202000 0.61624
2203000 0.613077
2204000 0.618164
2205000 0.611243
2206000 0.612761
2207000 0.609029
2208000 0.617994
2209000 0.623334
2210000 0.618379
2211000 0.619771
2212000 0.619183
2213000 0.620359
2214000 0.612112
2215000 0.616746
2216000 0.611158
2217000 0.614249
2218000 0.62025
2219000 0.617179
2220000 0.624508
2221000 0.62011
2222000 0.623456
2223000 0.617958
2224000 0.618577
2225000 0.619269
2226000 0.613446
2227000 0.610422
2228000 0.617108
2229000 0.614418
2230000 0.628614
2231000 0.623343
2232000 0.622883
2233000 0.623804
2234000 0.61935
2235000 0.627375
2236000 0.632101
2237000 0.626347
2238000 0.628639
2239000 0.62135
2240000 0.630711
2241000 0.620168
2242000 0.625235
2243000 0.62556
2244000 0.626654
2245000 0.622994
2246000 0.626714
2247000 0.623614
2248000 0.634599
2249000 0.639009
2250000 0.632184
2251000 0.630872
2252000 0.634837
2253000 0.629283
2254000 0.631182
2255000 0.641801
2256000 0.630246
2257000 0.631998
2258000 0.627189
2259000 0.633267
2260000 0.631707
2261000 0.633243
2262000 0.627958
2263000 0.633602
2264000 0.640815
2265000 0.626355
2266000 0.637888
2267000 0.636927
2268000 0.636718
2269000 0.633494
2270000 0.634018
2271000 0.641664
2272000 0.64281
2273000 0.628647
2274000 0.634641
2275000 0.623239
2276000 0.626143
2277000 0.625891
2278000 0.624144
2279000 0.633271
2280000 0.630884
2281000 0.63841
2282000 0.62941
2283000 0.629669
2284000 0.632553
2285000 0.630931
2286000 0.628795
2287000 0.63622
2288000 0.633003
2289000 0.630893
2290000 0.62816
2291000 0.634288
2292000 0.637461
2293000 0.627235
2294000 0.639951
2295000 0.630438
2296000 0.638351
2297000 0.64029
2298000 0.627191
2299000 0.616903
2300000 0.635119
2301000 0.628474
2302000 0.626198
2303000 0.629211
2304000 0.631281
2305000 0.62611
2306000 0.631069
2307000 0.632832
2308000 0.620244
2309000 0.628451
2310000 0.631693
2311000 0.634563
2312000 0.630208
2313000 0.638017
2314000 0.632227
2315000 0.632664
2316000 0.627764
2317000 0.631226
2318000 0.629133
2319000 0.623049
2320000 0.631067
2321000 0.629286
2322000 0.625791
2323000 0.626694
2324000 0.633226
2325000 0.628764
2326000 0.634227
2327000 0.634859
2328000 0.633485
2329000 0.632396
2330000 0.638358
2331000 0.635513
2332000 0.626371
2333000 0.632496
2334000 0.626772
2335000 0.62999
2336000 0.625454
2337000 0.627034
2338000 0.633632
2339000 0.635953
2340000 0.630163
2341000 0.632499
2342000 0.62799
2343000 0.627081
2344000 0.627537
2345000 0.630117
2346000 0.629848
2347000 0.636787
2348000 0.629834
2349000 0.64322
2350000 0.628368
2351000 0.638737
2352000 0.635204
2353000 0.630654
2354000 0.628116
2355000 0.634675
2356000 0.626479
2357000 0.622319
2358000 0.636376
2359000 0.62819
2360000 0.637604
2361000 0.626129
2362000 0.632691
2363000 0.618305
2364000 0.632337
2365000 0.621676
2366000 0.62864
2367000 0.623166
2368000 0.626134
2369000 0.626017
2370000 0.632124
2371000 0.631409
2372000 0.623439
2373000 0.634229
2374000 0.635626
2375000 0.637959
2376000 0.643262
2377000 0.63604
2378000 0.633157
2379000 0.643308
2380000 0.63509
2381000 0.632399
2382000 0.636001
2383000 0.632495
2384000 0.636145
2385000 0.640599
2386000 0.625158
2387000 0.625796
2388000 0.623214
2389000 0.624683
2390000 0.625166
2391000 0.64029
2392000 0.628248
2393000 0.630643
2394000 0.628037
2395000 0.628667
2396000 0.626418
2397000 0.638077
2398000 0.623295
2399000 0.629407
2400000 0.633667
2401000 0.628599
2402000 0.628672
2403000 0.62835
2404000 0.630616
2405000 0.630421
2406000 0.633762
2407000 0.635632
2408000 0.627682
2409000 0.626367
2410000 0.629457
2411000 0.623072
2412000 0.628893
2413000 0.630349
2414000 0.636332
2415000 0.631589
2416000 0.639684
2417000 0.626349
2418000 0.635935
2419000 0.635674
2420000 0.63863
2421000 0.638426
2422000 0.636313
2423000 0.643962
2424000 0.640818
2425000 0.631506
2426000 0.633317
2427000 0.634151
2428000 0.632789
2429000 0.639328
2430000 0.634724
2431000 0.641658
2432000 0.639576
2433000 0.630532
2434000 0.63856
2435000 0.632764
2436000 0.637074
2437000 0.634594
2438000 0.636785
2439000 0.631045
2440000 0.643023
2441000 0.629202
2442000 0.643451
2443000 0.638121
2444000 0.629076
2445000 0.631788
2446000 0.632372
2447000 0.633304
2448000 0.634657
2449000 0.637091
2450000 0.634417
2451000 0.631412
2452000 0.632108
2453000 0.634176
2454000 0.635709
2455000 0.630603
2456000 0.632733
2457000 0.638949
2458000 0.64152
2459000 0.642376
2460000 0.637725
2461000 0.638476
2462000 0.639689
2463000 0.641041
2464000 0.639892
2465000 0.634778
2466000 0.627943
2467000 0.627344
2468000 0.645562
2469000 0.644338
2470000 0.632606
2471000 0.634055
2472000 0.632899
2473000 0.639796
2474000 0.639846
2475000 0.6329
2476000 0.63219
2477000 0.642189
2478000 0.643885
2479000 0.633385
2480000 0.643266
2481000 0.635025
2482000 0.632953
2483000 0.642901
2484000 0.630774
2485000 0.63756
2486000 0.634421
2487000 0.635185
2488000 0.63869
2489000 0.63457
2490000 0.636792
2491000 0.640563
2492000 0.641087
2493000 0.643646
2494000 0.639691
2495000 0.649141
2496000 0.643134
2497000 0.640333
2498000 0.654293
2499000 0.637927
2500000 0.64866
2501000 0.647286
2502000 0.649085
2503000 0.642872
2504000 0.641989
2505000 0.644444
2506000 0.637272
2507000 0.638996
2508000 0.638574
2509000 0.636271
2510000 0.635233
2511000 0.633817
2512000 0.627326
2513000 0.642965
2514000 0.638106
2515000 0.646712
2516000 0.638887
2517000 0.643621
2518000 0.647121
2519000 0.648829
2520000 0.639966
2521000 0.648539
2522000 0.651098
2523000 0.63969
2524000 0.638681
2525000 0.630521
2526000 0.634171
2527000 0.648606
2528000 0.637754
2529000 0.638376
2530000 0.640715
2531000 0.644881
2532000 0.638276
2533000 0.644302
2534000 0.646057
2535000 0.635754
2536000 0.637245
2537000 0.634372
2538000 0.641054
2539000 0.650265
2540000 0.63854
2541000 0.64187
2542000 0.644472
2543000 0.642524
2544000 0.636249
2545000 0.635035
2546000 0.634526
2547000 0.642209
2548000 0.646134
2549000 0.640535
2550000 0.640611
2551000 0.639665
2552000 0.630991
2553000 0.642419
2554000 0.643798
2555000 0.636897
2556000 0.646145
2557000 0.648473
2558000 0.64628
2559000 0.650548
2560000 0.649778
2561000 0.644966
2562000 0.639897
2563000 0.661423
2564000 0.646505
2565000 0.640659
2566000 0.648328
2567000 0.649575
2568000 0.641215
2569000 0.654833
2570000 0.654268
2571000 0.655975
2572000 0.651884
2573000 0.645686
2574000 0.651133
2575000 0.650326
2576000 0.656249
2577000 0.653074
2578000 0.649676
2579000 0.656706
2580000 0.660413
2581000 0.655885
2582000 0.656678
2583000 0.658162
2584000 0.654217
2585000 0.653799
2586000 0.663133
2587000 0.653619
2588000 0.658914
2589000 0.655146
2590000 0.666738
2591000 0.657341
2592000 0.663324
2593000 0.663344
2594000 0.655108
2595000 0.662405
2596000 0.659227
2597000 0.674068
2598000 0.666158
2599000 0.668894
2600000 0.655832
2601000 0.666207
2602000 0.671887
2603000 0.667139
2604000 0.666307
2605000 0.671145
2606000 0.661008
2607000 0.663358
2608000 0.663168
2609000 0.654938
2610000 0.66846
2611000 0.667388
2612000 0.669676
2613000 0.672643
2614000 0.669518
2615000 0.672022
2616000 0.670725
2617000 0.666477
2618000 0.668957
2619000 0.663921
2620000 0.674853
2621000 0.669891
2622000 0.671937
2623000 0.668266
2624000 0.675631
2625000 0.666742
2626000 0.673398
2627000 0.673352
2628000 0.67484
2629000 0.666067
2630000 0.671112
2631000 0.67677
2632000 0.666163
2633000 0.666187
2634000 0.675619
2635000 0.668571
2636000 0.667489
2637000 0.670167
2638000 0.66394
2639000 0.667048
2640000 0.669905
2641000 0.671803
2642000 0.662686
2643000 0.661952
2644000 0.659508
2645000 0.668967
2646000 0.66155
2647000 0.663925
2648000 0.676499
2649000 0.668473
2650000 0.668974
2651000 0.664374
2652000 0.662916
2653000 0.668718
2654000 0.67612
2655000 0.662977
2656000 0.666021
2657000 0.6608
2658000 0.661518
2659000 0.669101
2660000 0.658089
2661000 0.663896
2662000 0.663559
2663000 0.664266
2664000 0.669147
2665000 0.663875
2666000 0.661246
2667000 0.670394
2668000 0.659997
2669000 0.662084
2670000 0.662858
2671000 0.659197
2672000 0.671845
2673000 0.658353
2674000 0.66715
2675000 0.661301
2676000 0.678807
2677000 0.666528
2678000 0.680609
2679000 0.671024
2680000 0.673751
2681000 0.666992
2682000 0.664696
2683000 0.66591
2684000 0.661111
2685000 0.665267
2686000 0.667291
2687000 0.686081
2688000 0.663936
2689000 0.670959
2690000 0.670755
2691000 0.665862
2692000 0.669221
2693000 0.667727
2694000 0.663314
2695000 0.664932
2696000 0.670054
2697000 0.662393
2698000 0.660482
2699000 0.665194
2700000 0.663146
2701000 0.666024
2702000 0.668862
2703000 0.66911
2704000 0.6647
2705000 0.668082
2706000 0.658151
2707000 0.662861
2708000 0.668323
2709000 0.672932
2710000 0.669799
2711000 0.6656
2712000 0.665556
2713000 0.669336
2714000 0.670344
2715000 0.672668
2716000 0.66907
2717000 0.673861
2718000 0.675646
2719000 0.671977
2720000 0.662214
2721000 0.665542
2722000 0.669475
2723000 0.667852
2724000 0.662072
2725000 0.671976
2726000 0.659754
2727000 0.663411
2728000 0.668651
2729000 0.670226
2730000 0.66726
2731000 0.666064
2732000 0.673273
2733000 0.67008
2734000 0.677375
2735000 0.674883
2736000 0.67646
2737000 0.670064
2738000 0.679227
2739000 0.668075
2740000 0.671205
2741000 0.68339
2742000 0.676432
2743000 0.679026
2744000 0.670477
2745000 0.671537
2746000 0.671132
2747000 0.660433
2748000 0.668684
2749000 0.671561
2750000 0.66026
2751000 0.667797
2752000 0.670202
2753000 0.667059
2754000 0.6647
2755000 0.664469
2756000 0.667233
2757000 0.668124
2758000 0.666282
2759000 0.658813
2760000 0.674374
2761000 0.667809
2762000 0.670025
2763000 0.662182
2764000 0.666233
2765000 0.664976
2766000 0.660571
2767000 0.669469
2768000 0.663211
2769000 0.664681
2770000 0.670999
2771000 0.66916
2772000 0.668644
2773000 0.667398
2774000 0.672684
2775000 0.66252
2776000 0.66941
2777000 0.670365
2778000 0.664174
2779000 0.669493
2780000 0.671789
2781000 0.66989
2782000 0.673771
2783000 0.668741
2784000 0.671232
2785000 0.667339
2786000 0.675512
2787000 0.671106
2788000 0.667036
2789000 0.66945
2790000 0.672216
2791000 0.673647
2792000 0.675137
2793000 0.667738
2794000 0.673888
2795000 0.671587
2796000 0.6723
2797000 0.676642
2798000 0.67547
2799000 0.66889
2800000 0.665453
2801000 0.664143
2802000 0.669965
2803000 0.664275
2804000 0.669549
2805000 0.673853
2806000 0.666636
2807000 0.672169
2808000 0.662204
2809000 0.671043
2810000 0.668791
2811000 0.67449
2812000 0.667768
2813000 0.667694
2814000 0.668462
2815000 0.66981
2816000 0.667041
2817000 0.679304
2818000 0.666583
2819000 0.668233
2820000 0.672889
2821000 0.670642
2822000 0.666462
2823000 0.661762
2824000 0.661373
2825000 0.666871
2826000 0.658434
2827000 0.672034
2828000 0.662236
2829000 0.660878
2830000 0.664906
2831000 0.665612
2832000 0.666019
2833000 0.677327
2834000 0.666473
2835000 0.668405
2836000 0.67082
2837000 0.674391
2838000 0.664058
2839000 0.671955
2840000 0.668623
2841000 0.668328
2842000 0.676168
2843000 0.668236
2844000 0.663273
2845000 0.669146
2846000 0.673267
2847000 0.667366
2848000 0.664373
2849000 0.657889
2850000 0.664541
2851000 0.671096
2852000 0.656474
2853000 0.667606
2854000 0.668603
2855000 0.661077
2856000 0.663314
2857000 0.670687
2858000 0.667808
2859000 0.665454
2860000 0.665109
2861000 0.669033
2862000 0.674631
2863000 0.665679
2864000 0.668364
2865000 0.669628
2866000 0.666627
2867000 0.669382
2868000 0.667574
2869000 0.664615
2870000 0.661031
2871000 0.660787
2872000 0.670605
2873000 0.664529
2874000 0.665709
2875000 0.660956
2876000 0.656198
2877000 0.671207
2878000 0.658131
2879000 0.649094
2880000 0.656341
2881000 0.654837
2882000 0.654587
2883000 0.656014
2884000 0.657908
2885000 0.656132
2886000 0.663028
2887000 0.661268
2888000 0.66093
2889000 0.662634
2890000 0.656904
2891000 0.658658
2892000 0.660487
2893000 0.662514
2894000 0.671487
2895000 0.658628
2896000 0.660368
2897000 0.65885
2898000 0.665771
2899000 0.660906
2900000 0.661126
2901000 0.670795
2902000 0.662848
2903000 0.664778
2904000 0.667758
2905000 0.664922
2906000 0.664093
2907000 0.666227
2908000 0.674199
2909000 0.674626
2910000 0.664339
2911000 0.681127
2912000 0.673873
2913000 0.67291
2914000 0.666465
2915000 0.668047
2916000 0.675942
2917000 0.669472
2918000 0.670761
2919000 0.671949
2920000 0.675789
2921000 0.664126
2922000 0.66537
2923000 0.661833
2924000 0.666246
2925000 0.673379
2926000 0.665064
2927000 0.668656
2928000 0.666568
2929000 0.66425
2930000 0.667852
2931000 0.666356
2932000 0.666214
2933000 0.66987
2934000 0.669987
2935000 0.67268
2936000 0.662311
2937000 0.671099
2938000 0.679024
2939000 0.666955
2940000 0.671256
2941000 0.675124
2942000 0.675958
2943000 0.669658
2944000 0.666627
2945000 0.662287
2946000 0.671156
2947000 0.659735
2948000 0.670691
2949000 0.661245
2950000 0.657091
2951000 0.669214
2952000 0.666535
2953000 0.672067
2954000 0.663877
2955000 0.663188
2956000 0.661601
2957000 0.664849
2958000 0.661797
2959000 0.662603
2960000 0.668138
2961000 0.656737
2962000 0.661797
2963000 0.660985
2964000 0.660264
2965000 0.666512
2966000 0.660576
2967000 0.657672
2968000 0.665801
2969000 0.665982
2970000 0.655897
2971000 0.659109
2972000 0.66663
2973000 0.665293
2974000 0.664646
2975000 0.658067
2976000 0.665918
2977000 0.673452
2978000 0.671315
2979000 0.667956
2980000 0.65858
2981000 0.670041
2982000 0.681511
2983000 0.667968
2984000 0.673322
2985000 0.673444
2986000 0.672509
2987000 0.67033
2988000 0.673069
2989000 0.675336
2990000 0.664933
2991000 0.668118
2992000 0.667243
2993000 0.674782
2994000 0.674227
2995000 0.680601
2996000 0.670715
2997000 0.673176
2998000 0.664722
2999000 0.674638
3000000 0.675216
3001000 0.667946
3002000 0.672664
3003000 0.670021
3004000 0.673998
3005000 0.674825
3006000 0.670722
3007000 0.667764
3008000 0.670328
3009000 0.676811
3010000 0.672638
3011000 0.675124
3012000 0.660329
3013000 0.672721
3014000 0.675361
3015000 0.675946
3016000 0.672092
3017000 0.680267
3018000 0.6706
3019000 0.676141
3020000 0.677294
3021000 0.680015
3022000 0.680826
3023000 0.675875
3024000 0.680903
3025000 0.679614
3026000 0.682384
3027000 0.676803
3028000 0.686955
3029000 0.68313
3030000 0.683922
3031000 0.679662
3032000 0.68161
3033000 0.676302
3034000 0.678375
3035000 0.682442
3036000 0.675686
3037000 0.689257
3038000 0.683126
3039000 0.679165
3040000 0.68063
3041000 0.676489
3042000 0.683022
3043000 0.684593
3044000 0.681659
3045000 0.693098
3046000 0.677057
3047000 0.676851
3048000 0.675285
3049000 0.673173
3050000 0.680206
3051000 0.673623
3052000 0.668209
3053000 0.674221
3054000 0.677891
3055000 0.673471
3056000 0.671604
3057000 0.677628
3058000 0.669256
3059000 0.679089
3060000 0.672144
3061000 0.674176
3062000 0.683336
3063000 0.685571
3064000 0.674259
3065000 0.684387
3066000 0.684272
3067000 0.672495
3068000 0.682728
3069000 0.683152
3070000 0.688387
3071000 0.684892
3072000 0.687742
3073000 0.688185
3074000 0.682001
3075000 0.68515
3076000 0.69329
3077000 0.693719
3078000 0.681957
3079000 0.680816
3080000 0.682651
3081000 0.68531
3082000 0.684836
3083000 0.677443
3084000 0.680773
3085000 0.683492
3086000 0.688602
3087000 0.68199
3088000 0.675677
3089000 0.684449
3090000 0.675072
3091000 0.67707
3092000 0.684803
3093000 0.674355
3094000 0.68183
3095000 0.674963
3096000 0.677161
3097000 0.675908
3098000 0.683696
3099000 0.681061
3100000 0.671043
3101000 0.668245
3102000 0.681959
3103000 0.684764
3104000 0.683029
3105000 0.674103
3106000 0.6751
3107000 0.683446
3108000 0.678859
3109000 0.678448
3110000 0.687183
3111000 0.689839
3112000 0.673576
3113000 0.685535
3114000 0.683202
3115000 0.684406
3116000 0.681317
3117000 0.689267
3118000 0.683116
3119000 0.682226
3120000 0.684429
3121000 0.670999
3122000 0.677149
3123000 0.683689
3124000 0.675148
3125000 0.674011
3126000 0.680965
3127000 0.677597
3128000 0.672823
3129000 0.672513
3130000 0.68422
3131000 0.681157
3132000 0.681387
3133000 0.683314
3134000 0.687928
3135000 0.685826
3136000 0.689227
3137000 0.679857
3138000 0.684015
3139000 0.691862
3140000 0.681418
3141000 0.678653
3142000 0.684924
3143000 0.676235
3144000 0.682739
3145000 0.684685
3146000 0.680206
3147000 0.678788
3148000 0.685261
3149000 0.683937
3150000 0.683646
3151000 0.684242
3152000 0.679165
3153000 0.680534
3154000 0.682505
3155000 0.68276
3156000 0.681341
3157000 0.687988
3158000 0.690673
3159000 0.687704
3160000 0.692996
3161000 0.68192
3162000 0.693016
3163000 0.695791
3164000 0.68952
3165000 0.675137
3166000 0.690206
3167000 0.69767
3168000 0.68821
3169000 0.68723
3170000 0.683546
3171000 0.683166
3172000 0.684262
3173000 0.687811
3174000 0.692864
3175000 0.695397
3176000 0.684256
3177000 0.685556
3178000 0.683586
3179000 0.692174
3180000 0.691938
3181000 0.686839
3182000 0.689445
3183000 0.692297
3184000 0.686463
3185000 0.6843
3186000 0.690676
3187000 0.692461
3188000 0.686933
3189000 0.686554
3190000 0.694851
3191000 0.69157
3192000 0.691329
3193000 0.684963
3194000 0.69591
3195000 0.682654
3196000 0.683202
3197000 0.684931
3198000 0.686247
3199000 0.684731
3200000 0.690007
3201000 0.691687
3202000 0.686508
3203000 0.692233
3204000 0.696596
3205000 0.694857
3206000 0.69521
3207000 0.689871
3208000 0.692448
3209000 0.697386
3210000 0.693959
3211000 0.695097
3212000 0.70044
3213000 0.689924
3214000 0.689505
3215000 0.690582
3216000 0.693441
3217000 0.699878
3218000 0.69799
3219000 0.681627
3220000 0.691435
3221000 0.690652
3222000 0.692713
3223000 0.687804
3224000 0.685655
3225000 0.679119
3226000 0.686164
3227000 0.694639
3228000 0.68215
3229000 0.690774
3230000 0.696851
3231000 0.694446
3232000 0.693834
3233000 0.69382
3234000 0.685523
3235000 0.696229
3236000 0.696666
3237000 0.706331
3238000 0.697241
3239000 0.68368
3240000 0.696154
3241000 0.698223
3242000 0.696013
3243000 0.705339
3244000 0.698944
3245000 0.68923
3246000 0.698938
3247000 0.690685
3248000 0.695764
3249000 0.696631
3250000 0.691324
3251000 0.691167
3252000 0.697294
3253000 0.687638
3254000 0.692537
3255000 0.695084
3256000 0.693002
3257000 0.677603
3258000 0.685195
3259000 0.681069
3260000 0.684616
3261000 0.686164
3262000 0.68293
3263000 0.689592
3264000 0.686919
3265000 0.687775
3266000 0.689319
3267000 0.685776
3268000 0.690553
3269000 0.686325
3270000 0.682111
3271000 0.697011
3272000 0.686014
3273000 0.680623
3274000 0.694845
3275000 0.683926
3276000 0.679118
3277000 0.681583
3278000 0.69535
3279000 0.684454
3280000 0.693127
3281000 0.689283
3282000 0.687329
3283000 0.681807
3284000 0.686447
3285000 0.685184
3286000 0.685843
3287000 0.681823
3288000 0.683383
3289000 0.682816
3290000 0.679678
3291000 0.688755
3292000 0.676097
3293000 0.683161
3294000 0.688495
3295000 0.696179
3296000 0.688487
3297000 0.692962
3298000 0.689888
3299000 0.688309
3300000 0.695259
3301000 0.697047
3302000 0.689994
3303000 0.687547
3304000 0.690897
3305000 0.688258
3306000 0.687866
3307000 0.679564
3308000 0.691634
3309000 0.685473
3310000 0.691145
3311000 0.687395
3312000 0.684483
3313000 0.684655
3314000 0.692318
3315000 0.690633
3316000 0.683557
3317000 0.677212
3318000 0.674763
3319000 0.683874
3320000 0.678841
3321000 0.682938
3322000 0.678728
3323000 0.686296
3324000 0.681024
3325000 0.693681
3326000 0.686979
3327000 0.683486
3328000 0.686963
3329000 0.691904
3330000 0.682441
3331000 0.682376
3332000 0.685568
3333000 0.687992
3334000 0.692557
3335000 0.683828
3336000 0.689246
3337000 0.683822
3338000 0.689373
3339000 0.684828
3340000 0.687702
3341000 0.681436
3342000 0.689779
3343000 0.685451
3344000 0.687006
3345000 0.680599
3346000 0.694403
3347000 0.691594
3348000 0.689565
3349000 0.681542
3350000 0.684153
3351000 0.695147
3352000 0.678267
3353000 0.683011
3354000 0.682725
3355000 0.689532
3356000 0.679522
3357000 0.690293
3358000 0.68624
3359000 0.694133
3360000 0.675541
3361000 0.676804
3362000 0.682572
3363000 0.690132
3364000 0.686968
3365000 0.676673
3366000 0.684949
3367000 0.674831
3368000 0.693039
3369000 0.680676
3370000 0.686899
3371000 0.686491
3372000 0.682852
3373000 0.681782
3374000 0.688543
3375000 0.689139
3376000 0.690536
3377000 0.683175
3378000 0.684689
3379000 0.69484
3380000 0.693422
3381000 0.700475
3382000 0.682158
3383000 0.686252
3384000 0.693678
3385000 0.682672
3386000 0.683899
3387000 0.681697
3388000 0.686405
3389000 0.68745
3390000 0.687354
3391000 0.680631
3392000 0.676685
3393000 0.69072
3394000 0.689244
3395000 0.696937
3396000 0.687141
3397000 0.694648
3398000 0.689463
3399000 0.690737
3400000 0.694976
3401000 0.69389
3402000 0.690234
3403000 0.692622
3404000 0.695153
3405000 0.686996
3406000 0.690695
3407000 0.693608
3408000 0.694741
3409000 0.6844
3410000 0.693013
3411000 0.685702
3412000 0.69312
3413000 0.689052
3414000 0.683123
3415000 0.691547
3416000 0.69639
3417000 0.683728
3418000 0.690633
3419000 0.689028
3420000 0.694867
3421000 0.684577
3422000 0.686589
3423000 0.694299
3424000 0.689482
3425000 0.687096
3426000 0.681784
3427000 0.684285
3428000 0.686473
3429000 0.684292
3430000 0.693657
3431000 0.692748
3432000 0.686997
3433000 0.688197
3434000 0.693524
3435000 0.685806
3436000 0.689576
3437000 0.683277
3438000 0.685441
3439000 0.689226
3440000 0.696349
3441000 0.691857
3442000 0.703676
3443000 0.699153
3444000 0.695089
3445000 0.700512
3446000 0.695816
3447000 0.702783
3448000 0.700836
3449000 0.70207
3450000 0.698288
3451000 0.693402
3452000 0.703589
3453000 0.698208
3454000 0.707248
3455000 0.698962
3456000 0.691332
3457000 0.698614
3458000 0.693253
3459000 0.702258
3460000 0.699989
3461000 0.691449
3462000 0.690066
3463000 0.688828
3464000 0.689424
3465000 0.690779
3466000 0.697199
3467000 0.679216
3468000 0.690482
3469000 0.682257
3470000 0.691795
3471000 0.687723
3472000 0.68273
3473000 0.684993
3474000 0.688089
3475000 0.687473
3476000 0.692171
3477000 0.68615
3478000 0.68216
3479000 0.687711
3480000 0.694538
3481000 0.690823
3482000 0.686936
3483000 0.700128
3484000 0.697525
3485000 0.691757
3486000 0.693961
3487000 0.69763
3488000 0.682684
3489000 0.690774
3490000 0.687894
3491000 0.693512
3492000 0.694204
3493000 0.6999
3494000 0.702958
3495000 0.705333
3496000 0.696772
3497000 0.70036
3498000 0.705127
3499000 0.695324
3500000 0.700758
3501000 0.691161
3502000 0.702878
3503000 0.693823
3504000 0.696702
3505000 0.69269
3506000 0.691574
3507000 0.687911
3508000 0.706699
3509000 0.691532
3510000 0.690688
3511000 0.695219
3512000 0.697255
3513000 0.688353
3514000 0.69297
3515000 0.693854
3516000 0.698652
3517000 0.699255
3518000 0.699631
3519000 0.689675
3520000 0.694866
3521000 0.691005
3522000 0.698594
3523000 0.689945
3524000 0.700919
3525000 0.699373
3526000 0.704234
3527000 0.699574
3528000 0.689889
3529000 0.692022
3530000 0.69994
3531000 0.702139
3532000 0.699955
3533000 0.69216
3534000 0.701853
3535000 0.702706
3536000 0.70427
3537000 0.698217
3538000 0.702483
3539000 0.709541
3540000 0.705861
3541000 0.702881
3542000 0.707643
3543000 0.698107
3544000 0.699634
3545000 0.701195
3546000 0.700151
3547000 0.693927
3548000 0.697927
3549000 0.703095
3550000 0.696564
3551000 0.700435
3552000 0.702028
3553000 0.698393
3554000 0.702794
3555000 0.695357
3556000 0.698938
3557000 0.706503
3558000 0.699027
3559000 0.707834
3560000 0.693454
3561000 0.702241
3562000 0.706879
3563000 0.699014
3564000 0.70303
3565000 0.697328
3566000 0.703273
3567000 0.700577
3568000 0.705541
3569000 0.695978
3570000 0.698037
3571000 0.706898
3572000 0.699106
3573000 0.697583
3574000 0.702002
3575000 0.701479
3576000 0.69098
3577000 0.702432
3578000 0.698395
3579000 0.696957
3580000 0.696189
3581000 0.699914
3582000 0.694129
3583000 0.69909
3584000 0.700001
3585000 0.700703
3586000 0.700565
3587000 0.697257
3588000 0.704147
3589000 0.702239
3590000 0.704729
3591000 0.706549
3592000 0.69974
3593000 0.707566
3594000 0.700786
3595000 0.703541
3596000 0.698179
3597000 0.701291
3598000 0.699557
3599000 0.697052
3600000 0.685605
3601000 0.694801
3602000 0.699495
3603000 0.698311
3604000 0.706954
3605000 0.694826
3606000 0.706288
3607000 0.704579
3608000 0.692633
3609000 0.699026
3610000 0.702037
3611000 0.693681
3612000 0.699554
3613000 0.700428
3614000 0.699764
3615000 0.700833
3616000 0.703613
3617000 0.705046
3618000 0.695461
3619000 0.69984
3620000 0.704494
3621000 0.711227
3622000 0.707292
3623000 0.707002
3624000 0.702258
3625000 0.709321
3626000 0.710645
3627000 0.698374
3628000 0.705708
3629000 0.701327
3630000 0.709874
3631000 0.707257
3632000 0.705076
3633000 0.703907
3634000 0.709801
3635000 0.700318
3636000 0.697911
3637000 0.709772
3638000 0.706697
3639000 0.710723
3640000 0.703638
3641000 0.712736
3642000 0.712796
3643000 0.698216
3644000 0.691509
3645000 0.702779
3646000 0.694127
3647000 0.705942
3648000 0.695717
3649000 0.697463
3650000 0.696958
3651000 0.706319
3652000 0.699962
3653000 0.70887
3654000 0.70664
3655000 0.704254
3656000 0.704159
3657000 0.711632
3658000 0.707958
3659000 0.699951
3660000 0.704297
3661000 0.701017
3662000 0.710193
3663000 0.711111
3664000 0.705521
3665000 0.711797
3666000 0.696674
3667000 0.705044
3668000 0.706538
3669000 0.706143
3670000 0.705
3671000 0.709895
3672000 0.708004
3673000 0.711636
3674000 0.706342
3675000 0.712049
3676000 0.702767
3677000 0.712858
3678000 0.711808
3679000 0.706367
3680000 0.708308
3681000 0.700515
3682000 0.706565
3683000 0.708403
3684000 0.702241
3685000 0.704873
3686000 0.713654
3687000 0.704156
3688000 0.711332
3689000 0.706633
3690000 0.705599
3691000 0.705974
3692000 0.693023
3693000 0.69823
3694000 0.697705
3695000 0.698959
3696000 0.699529
3697000 0.700698
3698000 0.708878
3699000 0.70783
3700000 0.705661
3701000 0.712832
3702000 0.694334
3703000 0.712215
3704000 0.705955
3705000 0.707307
3706000 0.711646
3707000 0.713383
3708000 0.717392
3709000 0.710131
3710000 0.708868
3711000 0.703124
3712000 0.710611
3713000 0.719028
3714000 0.706714
3715000 0.704566
3716000 0.701148
3717000 0.701033
3718000 0.7028
3719000 0.701387
3720000 0.710821
3721000 0.707386
3722000 0.708891
3723000 0.705026
3724000 0.705437
3725000 0.708533
3726000 0.701487
3727000 0.69556
3728000 0.703908
3729000 0.697699
3730000 0.705967
3731000 0.694801
3732000 0.702278
3733000 0.710427
3734000 0.707133
3735000 0.706425
3736000 0.707212
3737000 0.69812
3738000 0.706304
3739000 0.705482
3740000 0.709577
3741000 0.707692
3742000 0.712074
3743000 0.71741
3744000 0.715116
3745000 0.706655
3746000 0.707925
3747000 0.710407
3748000 0.717516
3749000 0.709448
3750000 0.700781
3751000 0.710831
3752000 0.710357
3753000 0.702965
3754000 0.706979
3755000 0.705994
3756000 0.704552
3757000 0.708547
3758000 0.707775
3759000 0.704049
3760000 0.710245
3761000 0.712727
3762000 0.706171
3763000 0.707796
3764000 0.698049
3765000 0.712093
3766000 0.696215
3767000 0.706655
3768000 0.701717
3769000 0.704686
3770000 0.713672
3771000 0.709181
3772000 0.699646
3773000 0.715128
3774000 0.700879
3775000 0.700772
3776000 0.708095
3777000 0.706273
3778000 0.707915
3779000 0.712749
3780000 0.70881
3781000 0.706927
3782000 0.709085
3783000 0.713334
3784000 0.705169
3785000 0.706322
3786000 0.713988
3787000 0.711434
3788000 0.70654
3789000 0.703811
3790000 0.710693
3791000 0.703028
3792000 0.706561
3793000 0.704795
3794000 0.712727
3795000 0.715319
3796000 0.719997
3797000 0.701106
3798000 0.707468
3799000 0.711322
3800000 0.705909
3801000 0.705052
3802000 0.713527
3803000 0.716358
3804000 0.702717
3805000 0.712971
3806000 0.708554
3807000 0.702805
3808000 0.710861
3809000 0.713135
3810000 0.704684
3811000 0.70669
3812000 0.708785
3813000 0.71001
3814000 0.711592
3815000 0.706385
3816000 0.705602
3817000 0.70997
3818000 0.712845
3819000 0.702868
3820000 0.709304
3821000 0.711161
3822000 0.709438
3823000 0.707898
3824000 0.712466
3825000 0.704267
3826000 0.708621
3827000 0.707399
3828000 0.70366
3829000 0.691224
3830000 0.698592
3831000 0.699027
3832000 0.695892
3833000 0.703159
3834000 0.701984
3835000 0.696359
3836000 0.701023
3837000 0.695572
3838000 0.696312
3839000 0.699005
3840000 0.707768
3841000 0.708104
3842000 0.703394
3843000 0.703777
3844000 0.6981
3845000 0.704041
3846000 0.698444
3847000 0.701446
3848000 0.703137
3849000 0.700349
3850000 0.697517
3851000 0.705707
3852000 0.697039
3853000 0.699176
3854000 0.702995
3855000 0.69825
3856000 0.698492
3857000 0.703599
3858000 0.702448
3859000 0.697643
3860000 0.70009
3861000 0.695619
3862000 0.688175
3863000 0.701312
3864000 0.704607
3865000 0.69841
3866000 0.704927
3867000 0.69774
3868000 0.70335
3869000 0.70272
3870000 0.696099
3871000 0.705278
3872000 0.697917
3873000 0.703958
3874000 0.702087
3875000 0.705725
3876000 0.706749
3877000 0.703569
3878000 0.70658
3879000 0.698122
3880000 0.701152
3881000 0.701627
3882000 0.708892
3883000 0.694393
3884000 0.710159
3885000 0.702441
3886000 0.705572
3887000 0.701008
3888000 0.701942
3889000 0.701582
3890000 0.710872
3891000 0.706177
3892000 0.70645
3893000 0.705736
3894000 0.69759
3895000 0.703498
3896000 0.704455
3897000 0.715925
3898000 0.709962
3899000 0.709027
3900000 0.708005
3901000 0.712699
3902000 0.704754
3903000 0.708308
3904000 0.69712
3905000 0.709941
3906000 0.714424
3907000 0.706379
3908000 0.702203
3909000 0.708617
3910000 0.708552
3911000 0.704155
3912000 0.710954
3913000 0.708493
3914000 0.71134
3915000 0.712162
3916000 0.717043
3917000 0.709172
3918000 0.706319
3919000 0.708835
3920000 0.714405
3921000 0.70574
3922000 0.717773
3923000 0.717911
3924000 0.715227
3925000 0.713653
3926000 0.710252
3927000 0.716349
3928000 0.71868
3929000 0.719001
3930000 0.711241
3931000 0.714661
3932000 0.705846
3933000 0.714014
3934000 0.714245
3935000 0.712134
3936000 0.720067
3937000 0.715568
3938000 0.711093
3939000 0.717421
3940000 0.718594
3941000 0.70734
3942000 0.721525
3943000 0.730052
3944000 0.712788
3945000 0.719451
3946000 0.725036
3947000 0.717995
3948000 0.713642
3949000 0.715897
3950000 0.719524
3951000 0.715468
3952000 0.723844
3953000 0.723838
3954000 0.710745
3955000 0.721916
3956000 0.724281
3957000 0.718959
3958000 0.712663
3959000 0.710598
3960000 0.724972
3961000 0.717274
3962000 0.714244
3963000 0.719127
3964000 0.712005
3965000 0.712385
3966000 0.711895
3967000 0.710531
3968000 0.713454
3969000 0.713076
3970000 0.702743
3971000 0.703356
3972000 0.717418
3973000 0.709651
3974000 0.718379
3975000 0.710436
3976000 0.716984
3977000 0.704851
3978000 0.714479
3979000 0.705007
3980000 0.711534
3981000 0.700223
3982000 0.712795
3983000 0.710646
3984000 0.72339
3985000 0.719199
3986000 0.725512
3987000 0.718497
3988000 0.726848
3989000 0.714287
