# "Timestep" "MSD Type 1"
101000 19.801874263500014 
102000 15.328013218700004 
103000 16.766056378099993 
104000 18.452027584899998 
105000 16.66128307050001 
106000 17.981701202100005 
107000 17.709644356300014 
108000 17.5037348295 
109000 17.6303935505 
110000 17.03169720150001 
111000 18.332163400200002 
112000 18.360348904800006 
113000 16.54367479470001 
114000 16.72088339040001 
115000 19.7928495087 
116000 16.092835600000004 
117000 16.881318683700012 
118000 17.3151210264 
119000 17.4193589244 
120000 16.844435309300003 
121000 18.17258832790001 
122000 16.31939997240001 
123000 18.529840414800002 
124000 14.560179784599997 
125000 17.512859777400003 
126000 17.780052441400002 
127000 18.08792339840002 
128000 16.848114968499996 
129000 17.947006574099998 
130000 18.605963717300003 
131000 17.63679444640001 
132000 17.12981681180001 
133000 17.73092745960001 
134000 19.027908180800008 
135000 17.13139446610001 
136000 17.400761593400006 
137000 14.406650343 
138000 17.990464512600003 
139000 17.775354561300002 
140000 19.902437567600007 
141000 18.016625283199996 
142000 17.33896357810001 
143000 18.997329040699995 
144000 17.152659882400002 
145000 18.307496386500013 
146000 15.401936170900004 
147000 16.908520367599998 
148000 19.238591041299998 
149000 16.29443909170001 
150000 17.415428115599994 
151000 16.927340940599994 
152000 17.25840088390002 
153000 16.02026951940001 
154000 18.15374444050001 
155000 18.296152402700002 
156000 18.2874248616 
157000 18.57957654530001 
158000 17.08526232440001 
159000 17.230097574700004 
160000 17.82872994340001 
161000 16.239173126700006 
162000 17.278840336300007 
163000 18.30059439570001 
164000 17.79366873720001 
165000 19.94491462790001 
166000 16.493479577800002 
167000 15.522214422200005 
168000 19.639022724899995 
169000 17.103417352600008 
170000 17.173055820000002 
171000 16.843013670500003 
172000 15.920314511300004 
173000 17.407996167500006 
174000 17.495517826300006 
175000 17.914204549100017 
176000 19.946788177700007 
177000 18.8035695509 
178000 17.565128812199987 
179000 16.152437588000005 
180000 17.891619031299992 
181000 18.71358016409999 
182000 18.29940797960001 
183000 17.116628239599997 
184000 18.01058718 
185000 18.30947993150001 
186000 18.2572405182 
187000 16.287374219600007 
188000 17.424000788000004 
189000 17.5971979448 
190000 18.06399877590001 
191000 16.678660232099997 
192000 16.663486101400007 
193000 17.389767687299994 
194000 16.34926769130001 
195000 18.429408826400017 
196000 18.18430802119999 
197000 16.028418581400015 
198000 16.9107468939 
199000 19.4483570083 
200000 17.05660451720001 
201000 18.7721541957 
202000 19.721572537200004 
203000 16.4088274351 
204000 17.844036138600007 
205000 17.532940434699995 
206000 15.2827697957 
207000 17.906674876200018 
208000 17.694386632599997 
209000 16.190450484300005 
210000 18.008776653300004 
211000 19.4789750419 
212000 18.431871227700015 
213000 18.2072031744 
214000 18.039017253499992 
215000 17.3812208429 
216000 17.636627298100013 
217000 17.006638028000005 
218000 16.799317292400012 
219000 16.0775464649 
220000 19.582753372900008 
221000 17.56565346250001 
222000 18.499635344600012 
223000 18.210888582 
224000 17.597761050699997 
225000 17.1886015872 
226000 16.7751913518 
227000 17.690300391999997 
228000 16.027451953400014 
229000 17.7490507276 
230000 17.2233659187 
231000 19.736153178000006 
232000 17.196906087700004 
233000 16.865215315200007 
234000 19.3018806663 
235000 18.145413177499996 
236000 15.344619519200002 
237000 18.362557630100007 
238000 17.6652263516 
239000 15.303539759600005 
240000 19.205858971700025 
241000 16.796017942800006 
242000 15.541843601400009 
243000 18.546004265900006 
244000 17.969670007299992 
245000 15.364013985100009 
246000 17.861039004100018 
247000 17.092639477099997 
248000 16.666020829000008 
249000 17.740536999600003 
250000 15.974341026700014 
251000 18.210073952400005 
252000 16.839732258500014 
253000 19.630858377000006 
254000 16.9495751379 
255000 18.26411140570001 
256000 20.332998429900005 
257000 16.181054779700005 
258000 18.378415214599997 
259000 17.606231599700006 
260000 16.560562382999997 
261000 16.855498968800006 
262000 16.221686675999994 
263000 15.931215517200002 
264000 16.25808900400001 
265000 17.159703440799994 
266000 16.308325949099995 
267000 16.974881877900003 
268000 18.684794488800005 
269000 18.205331227899997 
270000 18.258361174100003 
271000 14.063468737100008 
272000 17.193237780800008 
273000 16.0985859563 
274000 17.507800399399997 
275000 16.89601023500002 
276000 16.486528601400003 
277000 17.21115341300001 
278000 19.3509357627 
279000 15.958790318700009 
280000 17.380867135299997 
281000 18.0147737705 
282000 17.05894779290001 
283000 17.66864217970001 
284000 18.051143721899994 
285000 16.434900115900007 
286000 17.6413991555 
287000 16.814497166599992 
288000 18.065562228900006 
289000 16.920393350900003 
290000 18.698908252400006 
291000 20.6788458781 
292000 15.399222638699992 
293000 19.9478452425 
294000 18.828920399500003 
295000 14.925302906300004 
296000 17.932575498100007 
297000 20.13046032670001 
298000 16.722640419000008 
299000 17.872200304899998 
300000 19.082109579800015 
301000 16.972332120200004 
302000 19.940905766900006 
303000 17.1616708742 
304000 15.510468713200003 
305000 19.385055365400007 
306000 16.27592782560001 
307000 14.301667059700005 
308000 18.873045416400007 
309000 16.000558266900004 
310000 17.437348919799994 
311000 17.899309806700003 
312000 15.309156526200011 
313000 17.5161457038 
314000 16.498737702699998 
315000 18.700744800600006 
316000 17.951401323799995 
317000 16.425306025100006 
318000 17.402465038600003 
319000 17.406148837899995 
320000 18.3817826701 
321000 16.774575674300003 
322000 17.0780789743 
323000 18.967587106999996 
324000 18.6134675818 
325000 19.03814529319999 
326000 19.33669112280001 
327000 18.20917734980001 
328000 16.883722068900006 
329000 15.288304084500005 
330000 18.3423720389 
331000 17.540046502800003 
332000 20.690528643100006 
333000 16.6032328502 
334000 16.881671007900007 
335000 16.772879767400006 
336000 18.435739736600016 
337000 16.760754919800007 
338000 17.134121812500005 
339000 19.553816452899998 
340000 17.939008520900007 
341000 18.28970217429999 
342000 16.259677001300012 
343000 18.695400101 
344000 15.240883296100009 
345000 17.50467435760001 
346000 19.96678428210001 
347000 17.381693671500006 
348000 17.42851465820001 
349000 19.74937621040002 
350000 19.5206872555 
351000 17.176078373299994 
352000 18.942324858899998 
353000 17.83865508280001 
354000 18.248813422999998 
355000 17.890716228400006 
356000 16.653121409600008 
357000 15.404422815399997 
358000 17.721032042600015 
359000 16.53637508300001 
360000 16.058128477400007 
361000 19.6745222362 
362000 16.577876018499996 
363000 18.130018365100007 
364000 18.940249037700006 
365000 18.524834271300005 
366000 16.660146316 
367000 18.37565704139999 
368000 21.38596573110001 
369000 15.543845310600002 
370000 17.56850993000002 
371000 21.779465638600016 
372000 18.542963982900005 
373000 16.736843868200005 
374000 17.862078165799996 
375000 17.983688570300014 
376000 18.011763851700003 
377000 16.098196976000008 
378000 17.728253229100012 
379000 19.463348939999992 
380000 20.095675491999998 
381000 16.940340840900006 
382000 17.058667142800005 
383000 21.173126388000007 
384000 15.1172488976 
385000 20.1964331864 
386000 16.49376290589999 
387000 16.550106931400006 
388000 16.9394832593 
389000 16.61880101949999 
390000 18.776611810900008 
391000 15.650434626300006 
392000 18.264270408300007 
393000 17.295037667800003 
394000 16.586296985000008 
395000 14.965870164600009 
396000 18.673379319600006 
397000 17.1604841326 
398000 19.314366389 
399000 20.252282703099997 
400000 17.40955024090001 
401000 21.414341609100003 
402000 18.7355540411 
403000 16.0734170178 
404000 20.43069870730001 
405000 18.721847027900004 
406000 18.203436048300006 
407000 20.735180397100006 
408000 18.346173682100012 
409000 18.39176095880001 
410000 18.940158310600008 
411000 17.9695489467 
412000 17.087251489 
413000 18.176493199100005 
414000 18.086100543600004 
415000 19.7136937836 
416000 15.500454731700007 
417000 16.531016317700004 
418000 18.20407965810001 
419000 17.8429419735 
420000 19.44475939340001 
421000 15.613947197 
422000 16.165848795300004 
423000 18.13877680890002 
424000 16.450491878900003 
425000 16.942355667800005 
426000 15.830524141100005 
427000 18.447010054500005 
428000 18.14644280400001 
429000 19.0340610687 
430000 16.818082832500004 
431000 17.12318706020001 
432000 18.992451049999996 
433000 18.772416156699993 
434000 15.872900046200003 
435000 20.42937162060001 
436000 17.793829911200003 
437000 14.46275582070001 
438000 20.408010644300006 
439000 16.939487523399993 
440000 16.529574262999997 
441000 15.9609771628 
442000 19.577698796400004 
443000 16.849096048300005 
444000 17.2732129298 
445000 18.946836963800017 
446000 17.731145487800006 
447000 17.78506349469999 
448000 18.448944916200006 
449000 17.032275033700003 
450000 16.346196179100005 
451000 17.88491122260001 
452000 16.91521355870001 
453000 18.453891000900004 
454000 16.030442441999995 
455000 17.245000817800015 
456000 19.75147485149999 
457000 16.54094260420001 
458000 17.2211709434 
459000 15.361044738 
460000 17.539158439500014 
461000 18.758424849600004 
462000 18.678530465800012 
463000 17.993588718300014 
464000 15.228199342500005 
465000 17.175474982299995 
466000 18.3153271178 
467000 18.837890963899994 
468000 17.4733090789 
469000 19.29969376650001 
470000 15.943342920499992 
471000 17.984789416399995 
472000 17.163529194300004 
473000 18.344388266500005 
474000 19.65763485399999 
475000 15.810298382800003 
476000 17.892282940600005 
477000 17.7893328609 
478000 16.8129187743 
479000 18.961641738800004 
480000 16.898082620899995 
481000 14.389192709600001 
482000 17.534704960600006 
483000 15.851160655800017 
484000 15.930095975800015 
485000 18.7742465241 
486000 18.812069452000003 
487000 18.316131579000007 
488000 18.23160967539999 
489000 17.795880261500013 
490000 18.6649380004 
491000 17.83173137789999 
492000 17.974521392299987 
493000 18.095827075000003 
494000 16.6183873224 
495000 16.845329088300012 
496000 15.500371399699995 
497000 17.5898973138 
498000 17.687227524900006 
499000 18.489382241900003 
500000 18.429532664300005 
501000 16.9273087753 
502000 17.6156579417 
503000 19.500814538700006 
504000 18.692241697399997 
505000 15.346251808699998 
506000 16.861613433000002 
507000 16.591523291300007 
508000 18.252541935300005 
509000 16.181081645600006 
510000 18.8979111958 
511000 17.151336199800014 
512000 16.229059940000013 
513000 16.655874990399997 
514000 15.920166352700004 
515000 15.262912342900005 
516000 17.619943856900004 
517000 17.4258522157 
518000 19.037033248800007 
519000 17.675499970200004 
520000 16.079159616600002 
521000 17.80351639160001 
522000 14.762296764900007 
523000 18.299921927799996 
524000 17.613607938200005 
525000 19.1674407463 
526000 18.17351293390001 
527000 16.398359211099997 
528000 16.831260837100004 
529000 17.87283551950001 
530000 16.437529736200013 
531000 18.936351485600007 
532000 18.26895166210002 
533000 16.612591803099996 
534000 18.1491995968 
535000 16.756905616300006 
536000 17.674536374499993 
537000 19.1619966737 
538000 17.251428898300002 
539000 16.80061843230001 
540000 17.999591986900008 
541000 17.63153004820001 
542000 16.85913016160001 
543000 17.131319913400016 
544000 16.725812778300007 
545000 18.938997168899988 
546000 18.1303850392 
547000 18.443920937100007 
548000 20.274267185799996 
549000 20.222113878300004 
550000 15.283035340400009 
551000 18.1444491079 
552000 17.339786600200004 
553000 16.4875209648 
554000 16.7459159092 
555000 18.5120481647 
556000 18.219126559100005 
557000 17.682759750300008 
558000 16.828001109000006 
559000 19.097461561800007 
560000 18.43806612120002 
561000 17.005200384300007 
562000 17.5772882287 
563000 17.22444971339999 
564000 16.823554615900004 
565000 17.48977976129999 
566000 17.83147836580001 
567000 16.952465081699998 
568000 16.736566285300007 
569000 17.57780651050001 
570000 16.8448079211 
571000 15.744416980000004 
572000 18.2892356609 
573000 18.161725163699998 
574000 17.45083906640001 
575000 18.87639737060001 
576000 15.788470990200008 
577000 17.601120180100004 
578000 17.646068774799993 
579000 16.905451201399995 
580000 17.98427426530001 
581000 18.230898461999995 
582000 16.6136052625 
583000 18.489975577799996 
584000 17.726759895999994 
585000 18.446786672800005 
586000 16.2916387563 
587000 17.166846297999996 
588000 17.55408337440001 
589000 16.388589217800003 
590000 16.22268702210001 
591000 17.9106376677 
592000 20.503218434000004 
593000 17.457142288400004 
594000 20.45641117990001 
595000 18.48298364950001 
596000 19.435047676399996 
597000 21.050419492900005 
598000 19.2955699871 
599000 16.71147018830002 
600000 18.520716605400004 
601000 19.954592767500007 
602000 16.301356517500004 
603000 16.3523539966 
604000 17.128038679499994 
605000 17.285259033499994 
606000 17.972304778299996 
607000 18.21272919800001 
608000 18.414549555100002 
609000 20.4212171385 
610000 18.153458481200012 
611000 17.7646913419 
612000 17.042935236600005 
613000 18.337687428200013 
614000 16.5364023335 
615000 20.3408526705 
616000 16.762681364000002 
617000 18.435532959899998 
618000 19.600977017700007 
619000 18.2413197462 
620000 16.818320974699997 
621000 17.087631542700006 
622000 18.112531279100004 
623000 17.399598867900004 
624000 17.32950185250001 
625000 15.9329161813 
626000 19.10491670490001 
627000 17.2980119196 
628000 18.325732291399994 
629000 15.681222083200009 
630000 17.63152529300001 
631000 19.487895766399998 
632000 15.7798885659 
633000 16.1790026778 
634000 15.473976301499999 
635000 16.4021005301 
636000 17.8412186801 
637000 15.878040049399994 
638000 17.78560348530001 
639000 21.047439546800007 
640000 17.565082149500007 
641000 16.512984762400006 
642000 18.319285621199995 
643000 19.234872208300008 
644000 16.211201573000015 
645000 17.96263885480001 
646000 16.2285148671 
647000 16.903344206300005 
648000 17.586695287899996 
649000 15.098036800800005 
650000 19.256229816500007 
651000 20.054287352200003 
652000 16.893800966600008 
653000 17.24117209530001 
654000 17.732814934599997 
655000 17.246866381799997 
656000 17.862067175300005 
657000 20.151029413600003 
658000 16.74465034790001 
659000 16.570881044300002 
660000 18.376212778000006 
661000 16.981852289099997 
662000 18.070749216300005 
663000 17.948632895499998 
664000 15.469088006500009 
665000 17.0520333994 
666000 18.2887371125 
667000 17.049487978400002 
668000 16.6829985238 
669000 16.143418987100002 
670000 18.49605731410002 
671000 18.3079095867 
672000 18.034179353700008 
673000 19.004945414599995 
674000 15.595876549000002 
675000 17.408224913399994 
676000 17.695019473900018 
677000 19.085975463400008 
678000 18.147535115299995 
679000 16.487003879400003 
680000 17.764170370300008 
681000 19.9875475517 
682000 17.433263779900006 
683000 17.447681887900014 
684000 18.9653700158 
685000 19.1320930708 
686000 17.532943801300004 
687000 18.837514740200003 
688000 16.090366028300004 
689000 18.006427145700002 
690000 18.31533140960001 
691000 16.9022933351 
692000 19.09416879870001 
693000 16.455116283100008 
694000 17.54561505600001 
695000 15.345051325100012 
696000 18.25322239180001 
697000 15.532305074300014 
698000 17.17395476370001 
699000 16.672897208000013 
700000 18.156065111500013 
701000 18.085176985500002 
702000 15.665184650500006 
703000 16.2759037041 
704000 20.479983163999997 
705000 19.089341461399993 
706000 16.87395782319999 
707000 16.441141783900004 
708000 17.140775846700006 
709000 16.52171945459999 
710000 18.484897010300003 
711000 17.350895172699992 
712000 20.8816279399 
713000 19.365194227200007 
714000 17.011948477300002 
715000 17.88225073280001 
716000 17.160220553399995 
717000 18.037020241000008 
718000 17.592759849100005 
719000 16.832097121300006 
720000 19.516325319800007 
721000 19.9856142683 
722000 18.020607086800002 
723000 17.8611890822 
724000 14.438661487399997 
725000 17.867015784300005 
726000 17.437005976900004 
727000 17.425014323000003 
728000 18.351298659999998 
729000 18.134525679600014 
730000 17.31274244550001 
731000 17.622425032099997 
732000 17.460542539699997 
733000 15.747755850899994 
734000 15.619565354100004 
735000 18.770292914499997 
736000 15.897159444200003 
737000 19.3540810989 
738000 16.81563544070001 
739000 18.420097430200002 
740000 18.045726835800014 
741000 18.31207377970001 
742000 15.2234633296 
743000 19.472137195500004 
744000 17.519683255200015 
745000 18.259948074500006 
746000 17.84995943959998 
747000 17.944146561200004 
748000 17.45765076520001 
749000 18.9874868147 
750000 17.475869473500005 
751000 18.800921757400005 
752000 17.023687383300004 
753000 17.21456193059999 
754000 19.821033197299997 
755000 17.88564515100001 
756000 17.483305584400007 
757000 17.653319100800005 
758000 17.2433834227 
759000 17.554628680200008 
760000 17.2005891691 
761000 17.99944173090001 
762000 16.71396342970001 
763000 16.80803302070001 
764000 17.138163178800006 
765000 17.778223531699997 
766000 17.134212428700003 
767000 16.455449100300008 
768000 18.078139124499998 
769000 14.950393637999998 
770000 17.53042933140002 
771000 16.901013976900003 
772000 18.651974229200007 
773000 17.069357479300006 
774000 15.975491039400005 
775000 17.08972995480001 
776000 18.83853846340001 
777000 15.969477871299999 
778000 17.979932009500004 
779000 20.138803955200004 
780000 15.926247972099993 
781000 17.83600165540001 
782000 21.953500850499996 
783000 17.941663165099996 
784000 17.5615996752 
785000 19.574226632199988 
786000 16.901715689499998 
787000 18.221637657700008 
788000 19.5689633632 
789000 19.25423798510001 
790000 18.256850357500007 
791000 18.222533491000004 
792000 19.127670539600018 
793000 17.4030061454 
794000 16.232646451200008 
795000 18.157061675000005 
796000 17.597644264000003 
797000 18.8161019431 
798000 17.954225490199995 
799000 16.62709477750001 
800000 18.23526822339998 
801000 16.867877548800006 
802000 17.270481691100013 
803000 18.9315803733 
804000 17.45509546850001 
805000 19.48043301450001 
806000 18.446148439599988 
807000 16.99437079380001 
808000 19.567578539499998 
809000 16.90788063880001 
810000 17.355713571599996 
811000 19.659668550400003 
812000 19.8761329053 
813000 18.5330062611 
814000 18.562459042700002 
815000 17.000126625900002 
816000 17.6375168154 
817000 19.672942588600005 
818000 16.360247028800007 
819000 16.757138028400004 
820000 16.992117234499993 
821000 18.6573333572 
822000 18.705388236999994 
823000 16.067085476500015 
824000 15.320886960900014 
825000 16.194327277600006 
826000 16.895061480499994 
827000 17.958262913100004 
828000 17.520342926300017 
829000 17.781021753500006 
830000 17.43435924680001 
831000 17.447907419300005 
832000 18.393471998200003 
833000 15.215009579299993 
834000 18.755428926800004 
835000 17.9249288612 
836000 18.713618380400018 
837000 18.899823946299993 
838000 18.57596804320001 
839000 19.882698488200017 
840000 17.304910892600002 
841000 19.55505159130001 
842000 15.620503310900013 
843000 17.84421519970001 
844000 18.0641815363 
845000 16.02276874979999 
846000 18.799427501100002 
847000 16.313067149900007 
848000 15.227470954900005 
849000 18.927356948399993 
850000 16.945385804800004 
851000 18.132305380400002 
852000 20.529232301000008 
853000 18.527291104500005 
854000 21.701751016100015 
855000 18.568934218000003 
856000 16.3821055206 
857000 17.102874692 
858000 17.397490166200004 
859000 18.12439502370001 
860000 17.8621568364 
861000 16.779204068300004 
862000 17.6379649062 
863000 17.966621534900014 
864000 17.143024885200003 
865000 17.770434456800007 
866000 19.095418203000005 
867000 19.11375872350001 
868000 20.89926780100001 
869000 20.8358210775 
870000 16.344295649500015 
871000 16.697644646700013 
872000 18.813543264499994 
873000 18.343149035099998 
874000 18.98861971590001 
875000 17.52833443230001 
876000 18.2227735458 
877000 17.908479507500005 
878000 18.056327799099996 
879000 18.683301909900013 
880000 18.985668465900005 
881000 18.1296318258 
882000 15.072344034100002 
883000 16.79231933319999 
884000 19.41830885670001 
885000 17.960564599800005 
886000 18.47735315190001 
887000 18.563779483400005 
888000 17.563852817599997 
889000 17.2081950587 
890000 19.74047898190001 
891000 17.488274597 
892000 17.20007071380001 
893000 18.907689704900005 
894000 19.592523138700006 
895000 14.2848997013 
896000 15.737479273100003 
897000 17.672272543000005 
898000 16.629992750299998 
899000 17.1336260161 
900000 16.056334828600004 
901000 16.9754181248 
902000 17.415830787500006 
903000 14.777750584399989 
904000 18.210319041199995 
905000 17.0848872459 
906000 17.440818255099998 
907000 19.550075857500005 
908000 17.205047345700002 
909000 19.63696993480001 
910000 18.595196785300004 
911000 16.4910793522 
912000 20.00777660570001 
913000 17.73740635250001 
914000 17.5142101669 
915000 17.54129494270001 
916000 17.70280275260001 
917000 17.906004295099997 
918000 16.784118712800012 
919000 16.4100825868 
920000 18.949789188300006 
921000 15.207107467899995 
922000 18.33906641690001 
923000 16.4938163394 
924000 19.331179559200002 
925000 19.583793326300018 
926000 17.563929871399996 
927000 17.796501690600003 
928000 18.91181935130001 
929000 16.615359166300006 
930000 16.1468297289 
931000 18.18040485780001 
932000 14.9384057393 
933000 15.543441128700003 
934000 18.136226004200008 
935000 18.007889423500004 
936000 17.339031115300013 
937000 19.746740019000004 
938000 15.117316266500016 
939000 17.448152158699987 
940000 16.952364870399993 
941000 20.513058948299996 
942000 16.133860727000013 
943000 18.71123924730001 
944000 16.77964564540001 
945000 16.369552614300005 
946000 20.063098908600004 
947000 15.927051779600008 
948000 16.61419489960001 
949000 20.577855293200003 
950000 16.383734043499995 
951000 19.029572322899995 
952000 16.607694288300006 
953000 18.081367158400017 
954000 20.02858093880001 
955000 17.298613472900005 
956000 18.884087107999996 
957000 17.656764943400006 
958000 19.034226727800004 
959000 17.535536650999997 
960000 18.655952776400014 
961000 19.214623457400002 
962000 15.892748706000013 
963000 16.368876651400004 
964000 15.212456835600008 
965000 17.3440248096 
966000 15.999088003900006 
967000 16.111806299400005 
968000 19.159877301499996 
969000 17.028722046000006 
970000 13.99580129510001 
971000 18.388801881299997 
972000 19.64909436580001 
973000 17.352126991100008 
974000 18.397681061000007 
975000 17.77581284860002 
976000 19.2381955641 
977000 18.964874016999996 
978000 19.0686706637 
979000 17.669623188100008 
980000 15.142909222300002 
981000 18.227899088400005 
982000 18.316307426200005 
983000 17.530232947900004 
984000 15.006324810999997 
985000 17.600002346000004 
986000 19.19996545910001 
987000 16.006042431200008 
988000 18.653198609299995 
989000 18.40355347950001 
990000 17.937734548100003 
991000 14.78990660620001 
992000 17.7630605884 
993000 18.920994415 
994000 17.208455671900012 
995000 16.2648761205 
996000 19.844901244000013 
997000 16.41679161050001 
998000 14.990890987799999 
999000 17.387177613899997 
1000000 15.797611055600003 
1001000 16.033579002499998 
1002000 18.714061567900014 
1003000 19.085488103900015 
1004000 16.51218948960001 
1005000 18.3763351144 
1006000 16.752277900300005 
1007000 16.413437446500005 
1008000 15.9935366248 
1009000 18.53512698110002 
1010000 21.0438117899 
1011000 16.28754791950001 
1012000 17.729984171800005 
1013000 16.42296473330001 
1014000 17.3689093463 
1015000 20.317398833000013 
1016000 17.789457882200015 
1017000 16.3985544214 
1018000 20.635912029799997 
1019000 18.24625032010001 
1020000 16.3133089725 
1021000 18.042654884900006 
1022000 17.675335286300005 
1023000 17.15140110110001 
1024000 16.689463412700015 
1025000 18.495972878400007 
1026000 17.883165990800013 
1027000 16.932863839600014 
1028000 19.622319543000003 
1029000 17.148995599200003 
1030000 17.354778509800006 
1031000 17.94248176130001 
1032000 18.48828100680001 
1033000 16.1217697147 
1034000 18.75027190290001 
1035000 19.108235877800002 
1036000 17.460304567200012 
1037000 20.773294687299998 
1038000 17.4349546664 
1039000 16.90888077070001 
1040000 17.915781529400007 
1041000 18.688220889899995 
1042000 15.807565662499998 
1043000 20.107804493199993 
1044000 18.349353275300004 
1045000 19.2645347776 
1046000 18.752617439300003 
1047000 16.8350417431 
1048000 19.34504390739999 
1049000 16.2669133083 
1050000 17.807462536700005 
1051000 20.533936374700016 
1052000 16.5437337604 
1053000 16.98959321219999 
1054000 19.84080469180001 
1055000 17.796301025800002 
1056000 16.794167209700014 
1057000 17.738885515600003 
1058000 18.24352904280001 
1059000 18.03999986320001 
1060000 19.4087049205 
1061000 18.56152420120001 
1062000 20.574720227 
1063000 17.281280108899992 
1064000 18.017320931899995 
1065000 17.15255246369999 
1066000 16.572899537400005 
1067000 15.747606237699998 
1068000 18.172111992899996 
1069000 18.3441341813 
1070000 15.993010678499994 
1071000 18.33825329750001 
1072000 16.003921586800008 
1073000 18.406087296199996 
1074000 17.784858281099996 
1075000 15.709506156000007 
1076000 19.394512027600012 
1077000 18.166919331000003 
1078000 17.910152299900012 
1079000 17.326753118700008 
1080000 16.689951781900024 
1081000 18.984786840600005 
1082000 20.811529351200015 
1083000 16.287225395400004 
1084000 17.621571127500008 
1085000 19.886122822299996 
1086000 16.822340551299998 
1087000 17.195070151600003 
1088000 17.741288007700003 
1089000 17.95412503720001 
1090000 16.497098325400003 
1091000 17.951466518000007 
1092000 16.9289695215 
1093000 16.99616946490001 
1094000 16.739134669300007 
1095000 18.000728212400002 
1096000 16.604006236200004 
1097000 18.48506941579999 
1098000 16.622139171200008 
1099000 16.379709824599995 
1100000 19.852988417100004 
1101000 18.247070193800003 
1102000 16.5892509424 
1103000 15.865560008300001 
1104000 19.379265832300003 
1105000 19.91682103780001 
1106000 16.711409963800012 
1107000 18.383293557299993 
1108000 18.5439600197 
1109000 18.089158296999997 
1110000 17.437349285900005 
1111000 16.28964161230002 
1112000 17.7251395045 
1113000 17.577072640199997 
1114000 17.577504523600012 
1115000 17.403412316200008 
1116000 18.149950692600008 
1117000 17.136004450700014 
1118000 18.509358646300008 
1119000 17.288025357899993 
1120000 16.9787346885 
1121000 20.582185382300008 
1122000 16.817796760700002 
1123000 19.159562580899994 
1124000 19.476976656999998 
1125000 15.260404669300002 
1126000 18.699708068600003 
1127000 19.000448541300003 
1128000 18.663138566800008 
1129000 19.25300465720001 
1130000 18.96511817390001 
1131000 17.796211957900002 
1132000 18.440737904499994 
1133000 17.568842493100007 
1134000 18.424830284700008 
1135000 17.381820259100007 
1136000 17.104943984500007 
1137000 20.0302474952 
1138000 18.59375098470001 
1139000 18.607349887900003 
1140000 17.97092172779999 
1141000 16.912758619899993 
1142000 16.636059226599993 
1143000 17.680032993800026 
1144000 17.4031344581 
1145000 17.466498538700012 
1146000 15.7137085452 
1147000 17.048210504100005 
1148000 19.110950097900005 
1149000 17.0150819759 
1150000 18.835478971200004 
1151000 16.700555089500014 
1152000 17.828396440599988 
1153000 20.738816484799994 
1154000 17.87814775070001 
1155000 18.324873485799998 
1156000 18.40066382040001 
1157000 17.08574323339999 
1158000 18.472192720400002 
1159000 18.3144531413 
1160000 16.239126244700007 
1161000 16.539318922000003 
1162000 17.95570316460001 
1163000 18.54321903199999 
1164000 17.658146465900018 
1165000 17.57807213990001 
1166000 16.356326789500002 
1167000 16.895633896500005 
1168000 16.34058859000001 
1169000 18.425673791500007 
1170000 18.51530249310001 
1171000 16.732963174300018 
1172000 20.0535289356 
1173000 16.5493221537 
1174000 16.569081605200005 
1175000 17.359236772299994 
1176000 17.428968209999997 
1177000 19.495356011700004 
1178000 19.621356343499997 
1179000 16.413767031700008 
1180000 16.8906937 
1181000 18.140009387800013 
1182000 18.473953802699995 
1183000 16.846662125200012 
1184000 18.083556242999997 
1185000 17.430944796200002 
1186000 17.30184322300001 
1187000 16.664798581700005 
1188000 16.949505607900015 
1189000 17.326160859999995 
1190000 17.24262865850001 
1191000 16.709829046500012 
1192000 18.228460196400004 
1193000 16.047005964700002 
1194000 16.90199246120001 
1195000 16.61754662 
1196000 17.406857076699996 
1197000 19.096427266600003 
1198000 16.361568580300005 
1199000 17.626738770400003 
1200000 16.309182199800006 
1201000 18.53625092520001 
1202000 18.644011277600015 
1203000 16.4972139859 
1204000 18.894186556099992 
1205000 17.486216373799994 
1206000 18.047265189800008 
1207000 19.1719871267 
1208000 19.523506103099994 
1209000 19.075726624199998 
1210000 17.235992259700005 
1211000 18.494305717499998 
1212000 18.918981709700002 
1213000 17.08770240640001 
1214000 15.280052528300008 
1215000 17.51513098490001 
1216000 17.556186273700003 
1217000 17.921550561800004 
1218000 17.64032368600001 
1219000 16.762282376400005 
1220000 18.0709904425 
1221000 16.4078533266 
1222000 19.9586364238 
1223000 19.21217952740001 
1224000 17.1614657089 
1225000 16.508402424900005 
1226000 19.238763508200005 
1227000 17.694704121900006 
1228000 16.257415218100007 
1229000 16.49144407510001 
1230000 18.48014830330001 
1231000 16.922972153299995 
1232000 19.407236134 
1233000 18.548190634900006 
1234000 19.202382329300008 
1235000 17.625476001199996 
1236000 17.600463460799993 
1237000 19.694848566 
1238000 17.129849012999994 
1239000 18.369819964200016 
1240000 17.1546460737 
1241000 18.72399662789999 
1242000 15.733610585299994 
1243000 18.568551217400007 
1244000 18.02124483140001 
1245000 17.730085948800017 
1246000 16.363257371799996 
1247000 16.992505660500008 
1248000 18.938458058900007 
1249000 17.341947278000006 
1250000 17.049497397800007 
1251000 17.036663421500002 
1252000 17.026466668900003 
1253000 19.044310357400004 
1254000 17.358426065200018 
1255000 19.2939325625 
1256000 19.483294145399995 
1257000 17.348378202700005 
1258000 17.604680311599996 
1259000 16.964634976300008 
1260000 16.655512309700004 
1261000 19.4109851614 
1262000 19.1290336547 
1263000 14.72809952870001 
1264000 19.80921324990002 
1265000 18.411964170999997 
1266000 17.037209421600007 
1267000 18.728765938799995 
1268000 16.762958108999992 
1269000 18.153965482700002 
1270000 16.53748387850001 
1271000 18.18835570739998 
1272000 18.721996340400015 
1273000 17.151483548699996 
1274000 18.0502791248 
1275000 17.8946212884 
1276000 15.421090044599998 
1277000 17.362073678499996 
1278000 17.033007271799992 
1279000 16.783467879000007 
1280000 19.674822598500008 
1281000 19.216129161700014 
1282000 17.694006314899998 
1283000 16.75621000800001 
1284000 17.002096775700004 
1285000 18.0074504522 
1286000 17.83957517840001 
1287000 17.179255086400005 
1288000 17.408896275700002 
1289000 17.513446969400007 
1290000 17.476641092100003 
1291000 16.222550097300008 
1292000 17.783312256200013 
1293000 18.006898845900007 
1294000 16.680040243800015 
1295000 16.907844500200007 
1296000 15.602977637199997 
1297000 16.670510208399993 
1298000 17.02378845610001 
1299000 17.7425924777 
1300000 18.90452363840001 
1301000 19.608356471200008 
1302000 16.41539049230001 
1303000 17.356640027499996 
1304000 16.054571778099998 
1305000 18.603102885600006 
1306000 19.709113136200003 
1307000 19.472187209000005 
1308000 15.192773160700002 
1309000 19.624159861899997 
1310000 20.212457825099996 
1311000 16.155213403600005 
1312000 21.32071084530001 
1313000 16.88917867510001 
1314000 16.405311440499993 
1315000 18.90359797030002 
1316000 17.481909014299994 
1317000 16.1084829438 
1318000 20.806259683700006 
1319000 15.97521618440001 
1320000 16.71856603140001 
1321000 21.28879234140001 
1322000 18.149217803699987 
1323000 16.207313081000006 
1324000 19.993703821300006 
1325000 19.27773562550001 
1326000 17.246401507700003 
1327000 17.839150152400006 
1328000 17.12333654170001 
1329000 18.48213639610001 
1330000 18.448952723500003 
1331000 17.2385763489 
1332000 19.401994354000006 
1333000 16.898244054899994 
1334000 17.950077858100002 
1335000 18.680932810900007 
1336000 19.674554626699997 
1337000 17.053729600000004 
1338000 16.952213358700014 
1339000 15.731277679400005 
1340000 17.918819380800006 
1341000 16.387971280900008 
1342000 19.846091913099993 
1343000 16.320968792100008 
1344000 16.7649670432 
1345000 17.654800599899993 
1346000 17.160860871500006 
1347000 17.577972940800002 
1348000 14.985356516400007 
1349000 16.3948644173 
1350000 18.72177417490001 
1351000 17.771006995100016 
1352000 16.636589081000004 
1353000 16.9398877485 
1354000 20.544388495600014 
1355000 17.847993193900013 
1356000 15.811492839900001 
1357000 19.4176959205 
1358000 16.812187353100008 
1359000 17.91198724060001 
1360000 17.98112975970001 
1361000 19.220012552900005 
1362000 18.210891828900007 
1363000 19.568439945700018 
1364000 16.99080880070001 
1365000 20.916410551400006 
1366000 18.245624699100016 
1367000 19.059215368699995 
1368000 17.65867620310001 
1369000 20.951242560000004 
1370000 20.253057244900017 
1371000 18.37848129840001 
1372000 16.4866756971 
1373000 17.884841118799994 
1374000 17.039958422500007 
1375000 16.3911809694 
1376000 17.19098174940001 
1377000 17.4101477435 
1378000 17.636292541500016 
1379000 19.26582471449999 
1380000 18.6460642222 
1381000 14.585457411300002 
1382000 17.980324349200007 
1383000 16.4496540695 
1384000 19.17423311290001 
1385000 16.1720416972 
1386000 16.83917651560001 
1387000 19.65228911230001 
1388000 16.3143218659 
1389000 17.40682779639999 
1390000 18.967999386999995 
1391000 17.5029672642 
1392000 16.801660429200002 
1393000 14.63334146270001 
1394000 18.410698672899997 
1395000 17.0870732479 
1396000 17.26433186700001 
1397000 17.714639940300007 
1398000 16.4154287016 
1399000 17.107698619599997 
1400000 17.958272169399997 
1401000 16.254482733999996 
1402000 14.8302360211 
1403000 17.863988673899996 
1404000 17.968924244900002 
1405000 14.755384861800007 
1406000 17.67055709949999 
1407000 15.7570564875 
1408000 17.3437499788 
1409000 20.4793451628 
1410000 16.727228844699997 
1411000 16.47807892480001 
1412000 17.9298376871 
1413000 17.062008755600004 
1414000 15.662035397600002 
1415000 18.545050807 
1416000 20.074819368200014 
1417000 18.53150101750001 
1418000 18.22312618190001 
1419000 18.05968686129999 
1420000 17.717646463900003 
1421000 18.141520774100005 
1422000 16.367221116000017 
1423000 16.982681391400007 
1424000 16.760046786200004 
1425000 18.915365635300006 
1426000 19.83782601020001 
1427000 17.92020737530001 
1428000 18.468226635700002 
1429000 17.413728787100002 
1430000 16.472809336700003 
1431000 19.586349343700004 
1432000 17.679950002800005 
1433000 18.168034337000005 
1434000 18.552573738800014 
1435000 16.930963703000003 
1436000 19.673989578100006 
1437000 18.322969390099992 
1438000 17.5045131675 
1439000 17.256885236999988 
1440000 19.7431864045 
1441000 15.609659685800004 
1442000 17.92819031180001 
1443000 19.246681829400003 
1444000 17.4597294402 
1445000 19.373043482100012 
1446000 18.210820362099994 
1447000 19.961845462200003 
1448000 18.486925384800006 
1449000 16.88174793950002 
1450000 18.5103625307 
1451000 18.020979902500006 
1452000 17.662281428200004 
1453000 18.143685735600005 
1454000 16.254787477400004 
1455000 17.469702479100008 
1456000 17.273858085199997 
1457000 19.448288457399997 
1458000 17.964182002900003 
1459000 20.8538450125 
1460000 21.634855463600008 
1461000 17.3154542113 
1462000 18.359730128100004 
1463000 18.750576071100006 
1464000 19.398963652199996 
1465000 19.546787008500004 
1466000 16.938443536299992 
1467000 18.093257940500003 
1468000 19.706613426600008 
1469000 18.38913717900001 
1470000 18.309814254700015 
1471000 18.960922791199998 
1472000 17.959631708199996 
1473000 17.810023621300004 
1474000 17.224049245499998 
1475000 20.65656769009999 
1476000 17.22727351470001 
1477000 17.601374154800016 
1478000 17.661400214200004 
1479000 14.725804521299999 
1480000 18.847645866500006 
1481000 18.190748256 
1482000 15.951992055899998 
1483000 17.715534939500007 
1484000 17.4696499258 
1485000 17.475459895600007 
1486000 18.78921354210001 
1487000 17.1104461531 
1488000 19.3221169826 
1489000 18.007279329900012 
1490000 18.501341297900005 
1491000 16.486800146400004 
1492000 17.859957777900004 
1493000 18.11409187360001 
1494000 16.67603748169999 
1495000 17.6588204773 
1496000 19.6923290446 
1497000 18.523732262100005 
1498000 20.23496016609999 
1499000 17.856268790500003 
1500000 16.972252026300012 
1501000 20.616799540800013 
1502000 18.97206468129999 
1503000 17.4791020539 
1504000 17.50814303390001 
1505000 18.52905184430001 
1506000 17.2258670864 
1507000 18.25104434760001 
1508000 15.152027069899997 
1509000 17.392834553700006 
1510000 19.549270334000003 
1511000 15.974832902100003 
1512000 17.831936073999998 
1513000 19.28256896580001 
1514000 18.469891565699992 
1515000 19.092599238100007 
1516000 19.007580556300013 
1517000 18.3156891032 
1518000 17.402558981900007 
1519000 17.011633972800002 
1520000 17.582904941300008 
1521000 18.8774277542 
1522000 17.461048610800013 
1523000 17.318934146000007 
1524000 17.372619377100012 
1525000 17.843618528400008 
1526000 18.419893300999995 
1527000 17.516359063500005 
1528000 17.669963984999995 
1529000 18.190514081300005 
1530000 18.224986992499993 
1531000 15.329105146399993 
1532000 20.135059638300003 
1533000 21.27489853090001 
1534000 17.686532466499997 
1535000 19.531118490400004 
1536000 18.53914820430001 
1537000 17.6382318866 
1538000 18.332517669700014 
1539000 18.4348547698 
1540000 16.84631131810001 
1541000 16.6902678008 
1542000 16.015821466099997 
1543000 19.906547328299993 
1544000 15.743802435000013 
1545000 16.50909137160001 
1546000 17.12957616619999 
1547000 17.7605993404 
1548000 17.394562450899993 
1549000 19.958795563300008 
1550000 17.849393176000003 
1551000 17.514263070299997 
1552000 18.981166126700007 
1553000 17.1438828116 
1554000 17.309267522599992 
1555000 15.682672350700004 
1556000 18.623716941200005 
1557000 17.799511159100007 
1558000 18.3830241042 
1559000 20.178914073100007 
1560000 15.707380315799998 
1561000 17.323656551099987 
1562000 19.190314712800014 
1563000 16.848163872199997 
1564000 18.585250191500002 
1565000 17.5454024868 
1566000 17.778308270000007 
1567000 17.815075354700003 
1568000 17.604526990100005 
1569000 17.90280705799999 
1570000 20.767483374799994 
1571000 17.577627251800006 
1572000 17.725768747300013 
1573000 19.3584093013 
1574000 18.35801769530001 
1575000 16.563094416600006 
1576000 17.124953530100008 
1577000 20.374586010600016 
1578000 18.385546743099997 
1579000 17.26706365940001 
1580000 18.717246362400008 
1581000 18.487908563500007 
1582000 16.68844272250001 
1583000 18.2415061331 
1584000 17.753892721400014 
1585000 17.260463958500008 
1586000 19.5960856905 
1587000 16.193712401 
1588000 17.564455462100007 
1589000 19.561050840400007 
1590000 16.425110801100004 
1591000 19.00348204570001 
1592000 17.7172091047 
1593000 18.32301306770001 
1594000 17.7032296729 
1595000 19.78644480710001 
1596000 19.874571376300004 
1597000 15.1568843173 
1598000 17.9104011637 
1599000 19.23673130529999 
1600000 18.9538411092 
1601000 18.50883268640001 
1602000 17.089777671800004 
1603000 18.788200977399985 
1604000 19.381072645600003 
1605000 16.99269098459999 
1606000 17.568996818099993 
1607000 18.396874990200004 
1608000 18.262276932699983 
1609000 16.972477464100006 
1610000 17.062927256099996 
1611000 18.191107513000006 
1612000 18.062549873000012 
1613000 18.74443011630001 
1614000 17.286316427900005 
1615000 18.354321759299996 
1616000 16.898380233799998 
1617000 17.8712121562 
1618000 17.551811423600004 
1619000 17.662335822900005 
1620000 16.9189491857 
1621000 16.058241693300005 
1622000 18.620249404299994 
1623000 18.1840328135 
1624000 18.599607177000003 
1625000 18.249083003 
1626000 16.8541089341 
1627000 16.6810111337 
1628000 18.133546651500005 
1629000 17.948556273999994 
1630000 22.100958533100016 
1631000 17.304541080800007 
1632000 17.71391425450001 
1633000 20.25517286600001 
1634000 19.0154533798 
1635000 19.808114594700008 
1636000 18.497083222000008 
1637000 15.602835409499997 
1638000 18.649884964800002 
1639000 20.16141300270001 
1640000 15.5158375567 
1641000 19.804116363999995 
1642000 19.106681688799995 
1643000 17.2140245452 
1644000 19.332833003700003 
1645000 17.796047789400003 
1646000 15.232515832100006 
1647000 18.0510406795 
1648000 17.943248267800005 
1649000 16.144819445900016 
1650000 18.001588110200014 
1651000 17.8980858219 
1652000 18.387939039800003 
1653000 17.964109743000016 
1654000 17.510069871200002 
1655000 17.56861018050001 
1656000 18.364719393199998 
1657000 15.146156321100003 
1658000 17.48439906220001 
1659000 18.041118019700015 
1660000 18.4799603558 
1661000 20.397939616 
1662000 18.441574562400007 
1663000 18.97678365449999 
1664000 20.963751695500008 
1665000 19.7255788622 
1666000 20.43363647910001 
1667000 18.0223010278 
1668000 15.869743360799994 
1669000 17.174434088100014 
1670000 18.3474877244 
1671000 18.99734182530001 
1672000 16.987495234699995 
1673000 17.982893931400007 
1674000 18.2299661913 
1675000 17.028416628000006 
1676000 18.409047095200012 
1677000 19.619463806500015 
1678000 17.581868062399998 
1679000 16.845645519899993 
1680000 17.737998401500015 
1681000 18.840894290000005 
1682000 17.137505987300003 
1683000 18.7664488528 
1684000 13.653774841900002 
1685000 18.142138441200004 
1686000 22.092795252 
1687000 16.600595263599995 
1688000 17.523754522400004 
1689000 18.7261291115 
1690000 17.08388184350001 
1691000 18.031843786799996 
1692000 18.388171014600008 
1693000 16.75390596880001 
1694000 19.137828970299992 
1695000 17.5322894384 
1696000 16.341042553399998 
1697000 16.8276197564 
1698000 18.872155894000013 
1699000 16.714747334099993 
1700000 15.741728231700014 
1701000 17.715948811800008 
1702000 19.259661806200018 
1703000 17.41070793670001 
1704000 16.885619717500003 
1705000 15.853222261000006 
1706000 15.973028173499998 
1707000 18.72339878650001 
1708000 15.832532689299995 
1709000 18.277221995599987 
1710000 16.281819301399995 
1711000 18.21662744650001 
1712000 17.672555097900002 
1713000 17.3984740104 
1714000 15.062058982999993 
1715000 17.213867982500005 
1716000 16.517839854300014 
1717000 16.3344495236 
1718000 17.4749132261 
1719000 20.2811817244 
1720000 16.385042880200004 
1721000 18.905716530099994 
1722000 19.5629822179 
1723000 16.617987235099992 
1724000 15.7488742662 
1725000 19.0542904988 
1726000 20.230774155899997 
1727000 16.944189836 
1728000 16.041700771700004 
1729000 16.544776119000012 
1730000 15.50580744720001 
1731000 17.1458403136 
1732000 18.483598899900002 
1733000 17.278585939500015 
1734000 18.5625312211 
1735000 16.731092016999998 
1736000 18.206508512499997 
1737000 18.9281540325 
1738000 19.768186263800004 
1739000 18.9378659902 
1740000 17.534097569500002 
1741000 18.045690351400008 
1742000 20.084508243800002 
1743000 16.619608676200006 
1744000 18.466633007200002 
1745000 17.547894172900005 
1746000 16.093213135600003 
1747000 18.21253132750001 
1748000 18.480460005200015 
1749000 15.845136438300003 
1750000 17.375983005900018 
1751000 18.17380203440001 
1752000 17.185531738600005 
1753000 17.202973826799994 
1754000 18.592575987900016 
1755000 15.8221381958 
1756000 19.218008562100003 
1757000 18.2965883931 
1758000 16.66613651100001 
1759000 15.580684637699997 
1760000 17.361232052600013 
1761000 19.50549079040001 
1762000 17.4536970484 
1763000 17.728117242000017 
1764000 17.826368412799994 
1765000 15.8829420442 
1766000 19.030738628900014 
1767000 18.6383891003 
1768000 15.116892798699999 
1769000 18.381030802200005 
1770000 15.843251047099999 
1771000 17.029597088700008 
1772000 16.257440583600005 
1773000 16.595676858900006 
1774000 18.134177542400003 
1775000 16.893082674699997 
1776000 17.398766154800004 
1777000 19.344653702799995 
1778000 17.337617693700004 
1779000 15.638831259000009 
1780000 16.1532099292 
1781000 15.974062645500005 
1782000 18.912322171400003 
1783000 18.399205327699995 
1784000 15.820893567499999 
1785000 17.493338882100012 
1786000 19.390133385100004 
1787000 17.379244248800003 
1788000 18.275255155000007 
1789000 16.856072717700002 
1790000 17.47966066360001 
1791000 19.8510824002 
1792000 18.150411473099997 
1793000 16.000505930000003 
1794000 20.554767604000002 
1795000 17.844120889900008 
1796000 17.1977728049 
1797000 15.983776101699997 
1798000 15.193081908500002 
1799000 16.99182707580001 
1800000 15.817899054400002 
1801000 18.414707862800004 
1802000 18.2058492781 
1803000 19.31007073120001 
1804000 16.898823397800005 
1805000 20.10201178979999 
1806000 19.029127749700017 
1807000 17.826229200900006 
1808000 18.335899271999995 
1809000 16.744488920299997 
1810000 17.108282169700004 
1811000 19.34747547749999 
1812000 18.4962511501 
1813000 18.340250714400003 
1814000 18.547952403700005 
1815000 17.437799057399996 
1816000 17.199341250500005 
1817000 19.605292879200004 
1818000 16.5090738329 
1819000 18.073252827800005 
1820000 20.026213282500006 
1821000 20.84181521200001 
1822000 16.753782452600007 
1823000 20.25555610510001 
1824000 15.281461920500005 
1825000 18.0420116975 
1826000 17.473783526700007 
1827000 16.265623433000016 
1828000 17.9278346982 
1829000 18.9349410739 
1830000 16.91522862220001 
1831000 21.268403265900012 
1832000 18.558394508100005 
1833000 18.332661907800016 
1834000 19.025925617800006 
1835000 17.999303848100002 
1836000 18.256834269499997 
1837000 18.085340506700003 
1838000 16.875851625000003 
1839000 17.61021153510001 
1840000 18.856699331500007 
1841000 20.88866910420001 
1842000 15.189342603300009 
1843000 18.303067002900008 
1844000 17.828711262000013 
1845000 18.400407140600002 
1846000 16.326999512500006 
1847000 17.380105134100013 
1848000 18.175187356200002 
1849000 16.4018911566 
1850000 16.525592286300007 
1851000 16.2547384108 
1852000 18.101186893399998 
1853000 16.812040869900006 
1854000 17.406170795600016 
1855000 16.847191075900003 
1856000 17.64227144450001 
1857000 17.13508724830001 
1858000 18.864513268700005 
1859000 18.903356077200016 
1860000 17.66090895510001 
1861000 18.152877189300007 
1862000 16.561213219499994 
1863000 18.792098725099997 
1864000 17.8195176303 
1865000 17.0462265689 
1866000 20.11285899650001 
1867000 17.566067570700007 
1868000 17.61855705410001 
1869000 17.6261772257 
1870000 18.678669433900012 
1871000 17.506272426500004 
1872000 18.12923373800001 
1873000 18.7743526577 
1874000 17.54477295760001 
1875000 16.788761559700006 
1876000 17.936096778899994 
1877000 16.9314644422 
1878000 16.74337515169999 
1879000 17.712338792400004 
1880000 17.013720747399997 
1881000 20.3457087754 
1882000 17.330249090000006 
1883000 14.413674756600003 
1884000 18.559842203099993 
1885000 17.902335113799992 
1886000 17.585360107900005 
1887000 17.923317216699992 
1888000 17.75897579080001 
1889000 17.89822109700001 
1890000 17.378133753600007 
1891000 17.12859141900001 
1892000 18.1285633785 
1893000 19.043572775 
1894000 16.560812861800002 
1895000 18.73821862210001 
1896000 18.607489931399996 
1897000 18.0848358846 
1898000 17.012999847 
1899000 17.9225017869 
1900000 18.237164186700006 
1901000 17.288346746800006 
1902000 19.4808408611 
1903000 18.963025395200003 
1904000 15.747831691899986 
1905000 18.410331920400004 
1906000 18.576748866500004 
1907000 18.849837158599996 
1908000 18.133893200600003 
1909000 19.2352023879 
1910000 18.6552947433 
1911000 18.26238801190001 
1912000 19.2698617827 
1913000 17.845556124700007 
1914000 21.377521353300004 
1915000 18.65499874650001 
1916000 17.16598597060001 
1917000 18.0112664925 
1918000 19.673428984200005 
1919000 16.192319350299996 
1920000 18.189021332700005 
1921000 19.978847471700007 
1922000 18.019172686199997 
1923000 18.193396297200014 
1924000 18.2418729308 
1925000 19.8375501502 
1926000 17.122751674000018 
1927000 16.107667051500005 
1928000 17.833218113900003 
1929000 17.73904988370001 
1930000 18.50438936150002 
1931000 17.293319105100004 
1932000 16.813307967300005 
1933000 19.36781681090001 
1934000 16.951255003000007 
1935000 16.676908489999988 
1936000 17.512101833300008 
1937000 16.902196332100004 
1938000 18.311875469600004 
1939000 17.318334358600005 
1940000 18.345357163599996 
1941000 17.118907627500004 
1942000 17.4096902309 
1943000 17.957933603 
1944000 17.601450555100012 
1945000 16.9567635252 
1946000 17.691492958800005 
1947000 19.592127701500015 
1948000 17.0488678202 
1949000 16.744393854200002 
1950000 16.200057310900007 
1951000 17.2739422392 
1952000 18.636789903799993 
1953000 16.846028395900007 
1954000 19.70030391030001 
1955000 16.443266927100012 
1956000 15.742755020899995 
1957000 17.750432175000018 
1958000 18.1601831493 
1959000 19.780626409399993 
1960000 17.850656424900006 
1961000 16.904181281100016 
1962000 21.1588364135 
1963000 16.493988808799994 
1964000 17.55204565190001 
1965000 20.011117997100015 
1966000 17.118301644400013 
1967000 19.247282334400012 
1968000 18.784711580300005 
1969000 17.92058596410001 
1970000 17.593254648299997 
1971000 17.7897330658 
1972000 18.254507835600005 
1973000 16.469081007500012 
1974000 19.31996446639999 
1975000 19.366939498200008 
1976000 16.5352301017 
1977000 18.81955571530001 
1978000 16.8571476627 
1979000 18.262165125100005 
1980000 18.09953592029999 
1981000 19.7626913043 
1982000 16.874751643200003 
1983000 19.985876213700013 
1984000 17.7643613686 
1985000 16.4643015635 
1986000 16.789666050200008 
1987000 18.898700298500014 
1988000 21.01194217630001 
1989000 18.5452522234 
1990000 17.360545357400007 
1991000 20.289768950699997 
1992000 17.498775001999995 
1993000 17.669671862700007 
1994000 18.9233990472 
1995000 17.6668685768 
1996000 17.7528162178 
1997000 17.734257946200007 
1998000 18.2600241743 
1999000 15.984509365100005 
2000000 17.3221459341 
2001000 15.702354250500008 
2002000 17.1718707655 
2003000 19.86496339749999 
2004000 17.7306035011 
2005000 16.9239931506 
2006000 17.554447402100013 
2007000 16.380599409700007 
2008000 17.396099367600005 
2009000 18.571018570800007 
2010000 17.0191644854 
2011000 16.752346877400015 
2012000 16.62961409820001 
2013000 19.636852751100008 
2014000 18.538761993699996 
2015000 18.685885735799996 
2016000 18.678270980000004 
2017000 16.093420860200002 
2018000 17.695090775100002 
2019000 16.586731731399997 
2020000 18.5040259419 
2021000 17.858886463100003 
2022000 19.996708675900013 
2023000 17.709764832700014 
2024000 15.819526895900008 
2025000 17.673240294100008 
2026000 17.3271238292 
2027000 18.228293326500008 
2028000 18.7038423369 
2029000 19.26811487290001 
2030000 18.6680088665 
2031000 19.493354051399997 
2032000 18.67755304580001 
2033000 16.9349787104 
2034000 19.208018416200005 
2035000 19.047152585100008 
2036000 17.2482123455 
2037000 18.08896567730001 
2038000 17.51970069170001 
2039000 19.128137862800017 
2040000 18.61063633180001 
2041000 16.92561029790001 
2042000 17.489333696100005 
2043000 18.796700614500008 
2044000 20.088879387800016 
2045000 16.4419932804 
2046000 18.764356697599997 
2047000 18.030054858499998 
2048000 16.39693095080001 
2049000 18.74045622540001 
2050000 17.773688637999996 
2051000 16.796914994899993 
2052000 16.6074990821 
2053000 18.901526450100004 
2054000 20.714308890799998 
2055000 18.666074468599994 
2056000 18.7874646424 
2057000 17.876010468799997 
2058000 18.940653022500015 
2059000 19.63154057540001 
2060000 18.69747695290002 
2061000 16.224583819400003 
2062000 18.899190252100002 
2063000 18.1951910334 
2064000 20.7491160442 
2065000 17.9198068538 
2066000 19.07473644059999 
2067000 16.182600657499993 
2068000 19.185398209099993 
2069000 17.184110613000005 
2070000 15.830524474600004 
2071000 17.1951911093 
2072000 15.872188235200001 
2073000 16.036757544100006 
2074000 18.399423054000003 
2075000 18.152242810200015 
2076000 17.615153358000008 
2077000 18.920231005600005 
2078000 16.50604710860001 
2079000 15.085250256900002 
2080000 18.135528288799996 
2081000 16.829383644400007 
2082000 16.978747503900006 
2083000 15.628162079899996 
2084000 18.98368718720001 
2085000 16.7160724251 
2086000 19.649333184900023 
2087000 17.93433294690001 
2088000 16.259545663799997 
2089000 18.16822872219999 
2090000 17.3391170101 
2091000 15.478610320700016 
2092000 18.8814806958 
2093000 16.081935580600014 
2094000 19.7679249661 
2095000 18.119137932900006 
2096000 18.0985401296 
2097000 20.216671390100014 
2098000 19.1202420709 
2099000 17.74076110770002 
2100000 16.912899783800004 
