# Time-averaged data for fix sodiummsdt
# TimeStep c_sodiummsd[4]
100000 1.45207e-31
101000 0.309918
102000 0.308253
103000 0.311904
104000 0.312664
105000 0.320663
106000 0.310567
107000 0.329561
108000 0.312288
109000 0.31041
110000 0.317671
111000 0.316588
112000 0.321072
113000 0.326502
114000 0.329812
115000 0.32578
116000 0.333121
117000 0.322242
118000 0.333903
119000 0.323171
120000 0.32747
121000 0.327051
122000 0.325776
123000 0.330015
124000 0.33124
125000 0.329622
126000 0.33955
127000 0.336306
128000 0.33734
129000 0.338607
130000 0.329677
131000 0.343729
132000 0.334508
133000 0.33807
134000 0.341232
135000 0.338732
136000 0.345409
137000 0.350714
138000 0.337885
139000 0.341523
140000 0.346401
141000 0.345637
142000 0.338988
143000 0.353664
144000 0.347884
145000 0.342855
146000 0.356347
147000 0.354154
148000 0.349295
149000 0.358977
150000 0.3562
151000 0.357703
152000 0.366871
153000 0.359212
154000 0.362823
155000 0.363355
156000 0.367015
157000 0.36208
158000 0.367105
159000 0.367297
160000 0.369934
161000 0.369631
162000 0.364439
163000 0.367947
164000 0.363641
165000 0.372025
166000 0.37304
167000 0.36964
168000 0.367276
169000 0.372606
170000 0.370172
171000 0.368001
172000 0.366385
173000 0.375026
174000 0.377657
175000 0.386084
176000 0.375561
177000 0.377815
178000 0.375407
179000 0.375459
180000 0.379998
181000 0.379441
182000 0.377179
183000 0.374989
184000 0.373702
185000 0.372273
186000 0.37613
187000 0.373579
188000 0.375533
189000 0.377429
190000 0.369686
191000 0.3739
192000 0.38138
193000 0.380199
194000 0.384227
195000 0.382897
196000 0.392079
197000 0.384174
198000 0.388566
199000 0.390164
200000 0.392941
201000 0.389165
202000 0.394037
203000 0.395896
204000 0.398155
205000 0.398165
206000 0.391767
207000 0.388582
208000 0.40112
209000 0.393854
210000 0.396694
211000 0.399356
212000 0.39696
213000 0.39963
214000 0.409923
215000 0.414806
216000 0.409011
217000 0.408304
218000 0.413361
219000 0.410706
220000 0.406761
221000 0.409684
222000 0.409045
223000 0.421348
224000 0.403802
225000 0.412248
226000 0.407213
227000 0.415926
228000 0.407003
229000 0.41603
230000 0.418818
231000 0.421023
232000 0.415011
233000 0.412736
234000 0.419033
235000 0.418063
236000 0.414299
237000 0.42154
238000 0.422202
239000 0.416318
240000 0.417076
241000 0.41858
242000 0.421044
243000 0.41434
244000 0.418281
245000 0.414855
246000 0.420857
247000 0.41425
248000 0.415755
249000 0.414513
250000 0.428379
251000 0.412665
252000 0.425139
253000 0.424854
254000 0.416737
255000 0.427642
256000 0.425806
257000 0.422816
258000 0.427421
259000 0.42539
260000 0.416506
261000 0.421774
262000 0.423491
263000 0.42518
264000 0.429292
265000 0.432117
266000 0.428181
267000 0.436375
268000 0.433679
269000 0.430411
270000 0.432669
271000 0.431552
272000 0.432293
273000 0.434258
274000 0.432024
275000 0.430477
276000 0.438381
277000 0.440382
278000 0.44296
279000 0.433798
280000 0.440005
281000 0.438727
282000 0.442484
283000 0.444992
284000 0.441567
285000 0.434824
286000 0.438894
287000 0.444988
288000 0.441326
289000 0.439385
290000 0.445193
291000 0.436854
292000 0.441116
293000 0.449426
294000 0.435875
295000 0.437964
296000 0.435446
297000 0.444677
298000 0.436293
299000 0.445982
300000 0.43833
301000 0.442108
302000 0.450884
303000 0.44554
304000 0.44247
305000 0.44575
306000 0.438969
307000 0.444584
308000 0.442797
309000 0.447869
310000 0.439345
311000 0.443118
312000 0.442783
313000 0.443219
314000 0.457236
315000 0.443389
316000 0.448626
317000 0.452945
318000 0.451532
319000 0.447874
320000 0.450685
321000 0.449754
322000 0.448953
323000 0.452776
324000 0.442509
325000 0.456487
326000 0.439766
327000 0.449577
328000 0.446574
329000 0.450949
330000 0.44096
331000 0.444036
332000 0.450467
333000 0.449427
334000 0.450186
335000 0.450165
336000 0.451898
337000 0.454504
338000 0.459237
339000 0.45877
340000 0.459605
341000 0.458239
342000 0.461435
343000 0.451141
344000 0.45831
345000 0.450879
346000 0.460884
347000 0.458411
348000 0.45937
349000 0.449431
350000 0.462521
351000 0.461
352000 0.46159
353000 0.455889
354000 0.457912
355000 0.459366
356000 0.459014
357000 0.469222
358000 0.456584
359000 0.470109
360000 0.464715
361000 0.462659
362000 0.463293
363000 0.471153
364000 0.45843
365000 0.473721
366000 0.461094
367000 0.47065
368000 0.464154
369000 0.473775
370000 0.471095
371000 0.466254
372000 0.463608
373000 0.477389
374000 0.474837
375000 0.473675
376000 0.474536
377000 0.46127
378000 0.479521
379000 0.473804
380000 0.468071
381000 0.473389
382000 0.473296
383000 0.472914
384000 0.472768
385000 0.478173
386000 0.477403
387000 0.472215
388000 0.475708
389000 0.481301
390000 0.473422
391000 0.472741
392000 0.470337
393000 0.479764
394000 0.470908
395000 0.463289
396000 0.46458
397000 0.474508
398000 0.468399
399000 0.465875
400000 0.47627
401000 0.476788
402000 0.466573
403000 0.476851
404000 0.473932
405000 0.467451
406000 0.467719
407000 0.477921
408000 0.474439
409000 0.474422
410000 0.480122
411000 0.463125
412000 0.469671
413000 0.479754
414000 0.476051
415000 0.474781
416000 0.475736
417000 0.47728
418000 0.476132
419000 0.47803
420000 0.475921
421000 0.47494
422000 0.48656
423000 0.483499
424000 0.476847
425000 0.481761
426000 0.47626
427000 0.482332
428000 0.477577
429000 0.48121
430000 0.474242
431000 0.480476
432000 0.481818
433000 0.487651
434000 0.484334
435000 0.49137
436000 0.483792
437000 0.494005
438000 0.494859
439000 0.487911
440000 0.493554
441000 0.493708
442000 0.485872
443000 0.490244
444000 0.488997
445000 0.487313
446000 0.492101
447000 0.487884
448000 0.479669
449000 0.478778
450000 0.49016
451000 0.48917
452000 0.496284
453000 0.493898
454000 0.489869
455000 0.491778
456000 0.496496
457000 0.497937
458000 0.496921
459000 0.505062
460000 0.489323
461000 0.503971
462000 0.489258
463000 0.49691
464000 0.495805
465000 0.50713
466000 0.501554
467000 0.505285
468000 0.502118
469000 0.505248
470000 0.504088
471000 0.501714
472000 0.499542
473000 0.505818
474000 0.505341
475000 0.511541
476000 0.504989
477000 0.502331
478000 0.504608
479000 0.505854
480000 0.509928
481000 0.508245
482000 0.501411
483000 0.502867
484000 0.508465
485000 0.508758
486000 0.509237
487000 0.511268
488000 0.505146
489000 0.504318
490000 0.504392
491000 0.505796
492000 0.493263
493000 0.503232
494000 0.500493
495000 0.512881
496000 0.501477
497000 0.507134
498000 0.50979
499000 0.51137
500000 0.505006
501000 0.506986
502000 0.505905
503000 0.505019
504000 0.507578
505000 0.511179
506000 0.506019
507000 0.508536
508000 0.514426
509000 0.512591
510000 0.496931
511000 0.506503
512000 0.511023
513000 0.507046
514000 0.508773
515000 0.503337
516000 0.502442
517000 0.505541
518000 0.51584
519000 0.50663
520000 0.50814
521000 0.514286
522000 0.517281
523000 0.509441
524000 0.508522
525000 0.504185
526000 0.509516
527000 0.518024
528000 0.509423
529000 0.511565
530000 0.520239
531000 0.513648
532000 0.512784
533000 0.514146
534000 0.514167
535000 0.515811
536000 0.513948
537000 0.517847
538000 0.520634
539000 0.516676
540000 0.515618
541000 0.517707
542000 0.525532
543000 0.520211
544000 0.523211
545000 0.520884
546000 0.526613
547000 0.524763
548000 0.523474
549000 0.527745
550000 0.531483
551000 0.530354
552000 0.525423
553000 0.532155
554000 0.527367
555000 0.528064
556000 0.537648
557000 0.535955
558000 0.527389
559000 0.536999
560000 0.524962
561000 0.53063
562000 0.531215
563000 0.531417
564000 0.53012
565000 0.540451
566000 0.525711
567000 0.536395
568000 0.532158
569000 0.530606
570000 0.529858
571000 0.529629
572000 0.536533
573000 0.526757
574000 0.536281
575000 0.524622
576000 0.531517
577000 0.533654
578000 0.527599
579000 0.525163
580000 0.531794
581000 0.527824
582000 0.541354
583000 0.526707
584000 0.53535
585000 0.525813
586000 0.537513
587000 0.524631
588000 0.54238
589000 0.533687
590000 0.530675
591000 0.536558
592000 0.533277
593000 0.533026
594000 0.541427
595000 0.543804
596000 0.53655
597000 0.539429
598000 0.53671
599000 0.545722
600000 0.533051
601000 0.53465
602000 0.545359
603000 0.548336
604000 0.540168
605000 0.541883
606000 0.539528
607000 0.547516
608000 0.540573
609000 0.535745
610000 0.537951
611000 0.545582
612000 0.539015
613000 0.543996
614000 0.542955
615000 0.542725
616000 0.548464
617000 0.53237
618000 0.543439
619000 0.538499
620000 0.54279
621000 0.549246
622000 0.550725
623000 0.547384
624000 0.550638
625000 0.547607
626000 0.546945
627000 0.544661
628000 0.546349
629000 0.544332
630000 0.55136
631000 0.543956
632000 0.552783
633000 0.539964
634000 0.544667
635000 0.553323
636000 0.542577
637000 0.55203
638000 0.548939
639000 0.546813
640000 0.545814
641000 0.550041
642000 0.54635
643000 0.551116
644000 0.555086
645000 0.552254
646000 0.54883
647000 0.553237
648000 0.559175
649000 0.554705
650000 0.548451
651000 0.555633
652000 0.556679
653000 0.558537
654000 0.556355
655000 0.553725
656000 0.556944
657000 0.554283
658000 0.55783
659000 0.549546
660000 0.548739
661000 0.550763
662000 0.556431
663000 0.547492
664000 0.552146
665000 0.549132
666000 0.554785
667000 0.5576
668000 0.56179
669000 0.568232
670000 0.560567
671000 0.556652
672000 0.569047
673000 0.563217
674000 0.563545
675000 0.554898
676000 0.571718
677000 0.566387
678000 0.559193
679000 0.56722
680000 0.568133
681000 0.55835
682000 0.564137
683000 0.554695
684000 0.558529
685000 0.556764
686000 0.560921
687000 0.562025
688000 0.559321
689000 0.565389
690000 0.559967
691000 0.570021
692000 0.560951
693000 0.55858
694000 0.564586
695000 0.562852
696000 0.560775
697000 0.570884
698000 0.560555
699000 0.558391
700000 0.555413
701000 0.560382
702000 0.555703
703000 0.563672
704000 0.561791
705000 0.561107
706000 0.563634
707000 0.562153
708000 0.564548
709000 0.565418
710000 0.563557
711000 0.560989
712000 0.566615
713000 0.564647
714000 0.562045
715000 0.56492
716000 0.566623
717000 0.555713
718000 0.561834
719000 0.558471
720000 0.556916
721000 0.55884
722000 0.564625
723000 0.562996
724000 0.561794
725000 0.559732
726000 0.566831
727000 0.562355
728000 0.556935
729000 0.559255
730000 0.556804
731000 0.555358
732000 0.56348
733000 0.556575
734000 0.562019
735000 0.56347
736000 0.569501
737000 0.569051
738000 0.562825
739000 0.564162
740000 0.562759
741000 0.571347
742000 0.561118
743000 0.562164
744000 0.560577
745000 0.566586
746000 0.572608
747000 0.565086
748000 0.57175
749000 0.570362
750000 0.567311
751000 0.574069
752000 0.571272
753000 0.571231
754000 0.574951
755000 0.575227
756000 0.567811
757000 0.576899
758000 0.571052
759000 0.576687
760000 0.566515
761000 0.574119
762000 0.563716
763000 0.576934
764000 0.570041
765000 0.575858
766000 0.578858
767000 0.574339
768000 0.571204
769000 0.574432
770000 0.57772
771000 0.573926
772000 0.576721
773000 0.575345
774000 0.582714
775000 0.579756
776000 0.573412
777000 0.578975
778000 0.573945
779000 0.57648
780000 0.582544
781000 0.585493
782000 0.57693
783000 0.575921
784000 0.57047
785000 0.572996
786000 0.574792
787000 0.572616
788000 0.57675
789000 0.578332
790000 0.585062
791000 0.578841
792000 0.578473
793000 0.580042
794000 0.57548
795000 0.574177
796000 0.585683
797000 0.572784
798000 0.578199
799000 0.588047
800000 0.584238
801000 0.577461
802000 0.57532
803000 0.584297
804000 0.583792
805000 0.577953
806000 0.5762
807000 0.571667
808000 0.578041
809000 0.583826
810000 0.582827
811000 0.578855
812000 0.580671
813000 0.586094
814000 0.56885
815000 0.57868
816000 0.578958
817000 0.581594
818000 0.583174
819000 0.581968
820000 0.576262
821000 0.583462
822000 0.583903
823000 0.580623
824000 0.589692
825000 0.588142
826000 0.596114
827000 0.595725
828000 0.594821
829000 0.591679
830000 0.592897
831000 0.584624
832000 0.587325
833000 0.576924
834000 0.585714
835000 0.583411
836000 0.582162
837000 0.585139
838000 0.585184
839000 0.588609
840000 0.583193
841000 0.58728
842000 0.589737
843000 0.585725
844000 0.587378
845000 0.575178
846000 0.584739
847000 0.588278
848000 0.585944
849000 0.588165
850000 0.587467
851000 0.586123
852000 0.582894
853000 0.588605
854000 0.582577
855000 0.583429
856000 0.580565
857000 0.587708
858000 0.574587
859000 0.586841
860000 0.585512
861000 0.579607
862000 0.582998
863000 0.592874
864000 0.583082
865000 0.581646
866000 0.59404
867000 0.588557
868000 0.585926
869000 0.579639
870000 0.577327
871000 0.59242
872000 0.584212
873000 0.581169
874000 0.59038
875000 0.592223
876000 0.585557
877000 0.595708
878000 0.581412
879000 0.595513
880000 0.586898
881000 0.593718
882000 0.578287
883000 0.586501
884000 0.596653
885000 0.589891
886000 0.582333
887000 0.592384
888000 0.596872
889000 0.585118
890000 0.592004
891000 0.59067
892000 0.582095
893000 0.588526
894000 0.591903
895000 0.578438
896000 0.591393
897000 0.589354
898000 0.587349
899000 0.592318
900000 0.590419
901000 0.586488
902000 0.585923
903000 0.586058
904000 0.583087
905000 0.593871
906000 0.587916
907000 0.589052
908000 0.592232
909000 0.599178
910000 0.596667
911000 0.591954
912000 0.591973
913000 0.600703
914000 0.58779
915000 0.592141
916000 0.585352
917000 0.597567
918000 0.593705
919000 0.598568
920000 0.599403
921000 0.603327
922000 0.595661
923000 0.595921
924000 0.594992
925000 0.591271
926000 0.593396
927000 0.592228
928000 0.601007
929000 0.602772
930000 0.598104
931000 0.599584
932000 0.607861
933000 0.59982
934000 0.593944
935000 0.607912
936000 0.598006
937000 0.602698
938000 0.596653
939000 0.60047
940000 0.594831
941000 0.605694
942000 0.597793
943000 0.596375
944000 0.59372
945000 0.600921
946000 0.598921
947000 0.604304
948000 0.601264
949000 0.600117
950000 0.595528
951000 0.600171
952000 0.602198
953000 0.602083
954000 0.596143
955000 0.601028
956000 0.595603
957000 0.590417
958000 0.597763
959000 0.59104
960000 0.598235
961000 0.605002
962000 0.602285
963000 0.592649
964000 0.595013
965000 0.597788
966000 0.599065
967000 0.596641
968000 0.596872
969000 0.59467
970000 0.593585
971000 0.593861
972000 0.596275
973000 0.599346
974000 0.607396
975000 0.599349
976000 0.599095
977000 0.609431
978000 0.600652
979000 0.595272
980000 0.604326
981000 0.6034
982000 0.603561
983000 0.60134
984000 0.600029
985000 0.606607
986000 0.585918
987000 0.59202
988000 0.591343
989000 0.590178
990000 0.599293
991000 0.595307
992000 0.587086
993000 0.596577
994000 0.593856
995000 0.594558
996000 0.594118
997000 0.590421
998000 0.592276
999000 0.603314
1000000 0.603149
1001000 0.604872
1002000 0.591305
1003000 0.604417
1004000 0.594975
1005000 0.59746
1006000 0.602277
1007000 0.592845
1008000 0.596215
1009000 0.595602
1010000 0.59738
1011000 0.606185
1012000 0.600499
1013000 0.588644
1014000 0.599871
1015000 0.597057
1016000 0.598836
1017000 0.596688
1018000 0.597002
1019000 0.605994
1020000 0.601233
1021000 0.597757
1022000 0.597765
1023000 0.597514
1024000 0.592935
1025000 0.607145
1026000 0.601939
1027000 0.599924
1028000 0.59651
1029000 0.602323
1030000 0.603867
1031000 0.595681
1032000 0.591541
1033000 0.5968
1034000 0.602827
1035000 0.598932
1036000 0.60236
1037000 0.594636
1038000 0.601318
1039000 0.600288
1040000 0.602864
1041000 0.59756
1042000 0.594455
1043000 0.599075
1044000 0.601335
1045000 0.597981
1046000 0.598873
1047000 0.594061
1048000 0.59779
1049000 0.606442
1050000 0.602404
1051000 0.598641
1052000 0.593345
1053000 0.59414
1054000 0.604622
1055000 0.593248
1056000 0.601724
1057000 0.605719
1058000 0.597811
1059000 0.597255
1060000 0.597931
1061000 0.608792
1062000 0.597238
1063000 0.603779
1064000 0.597816
1065000 0.60001
1066000 0.590892
1067000 0.59929
1068000 0.598656
1069000 0.60319
1070000 0.602527
1071000 0.603033
1072000 0.601429
1073000 0.596278
1074000 0.594765
1075000 0.595244
1076000 0.608813
1077000 0.601815
1078000 0.604771
1079000 0.600825
1080000 0.603689
1081000 0.601878
1082000 0.595343
1083000 0.604283
1084000 0.604499
1085000 0.605546
1086000 0.603857
1087000 0.599962
1088000 0.599403
1089000 0.61099
1090000 0.594535
1091000 0.607962
1092000 0.608458
1093000 0.602334
1094000 0.607059
1095000 0.611625
1096000 0.602062
1097000 0.61257
1098000 0.606935
1099000 0.616855
1100000 0.606501
1101000 0.621802
1102000 0.608859
1103000 0.615394
1104000 0.608623
1105000 0.607799
1106000 0.608296
1107000 0.610484
1108000 0.61261
1109000 0.606736
1110000 0.615357
1111000 0.613676
1112000 0.610793
1113000 0.607335
1114000 0.606937
1115000 0.598397
1116000 0.619089
1117000 0.612015
1118000 0.615557
1119000 0.600492
1120000 0.612806
1121000 0.607031
1122000 0.611463
1123000 0.610761
1124000 0.611755
1125000 0.615456
1126000 0.606429
1127000 0.612319
1128000 0.614864
1129000 0.60238
1130000 0.608859
1131000 0.607483
1132000 0.605926
1133000 0.616194
1134000 0.600657
1135000 0.613394
1136000 0.608348
1137000 0.608097
1138000 0.612394
1139000 0.610606
1140000 0.610705
1141000 0.605535
1142000 0.602875
1143000 0.612229
1144000 0.610379
1145000 0.604695
1146000 0.606395
1147000 0.60902
1148000 0.612556
1149000 0.610531
1150000 0.611594
1151000 0.612463
1152000 0.605814
1153000 0.614281
1154000 0.612788
1155000 0.607654
1156000 0.613033
1157000 0.6162
1158000 0.607795
1159000 0.609467
1160000 0.614749
1161000 0.619983
1162000 0.615242
1163000 0.618015
1164000 0.611878
1165000 0.614051
1166000 0.618495
1167000 0.620954
1168000 0.619244
1169000 0.616993
1170000 0.610055
1171000 0.617531
1172000 0.624467
1173000 0.615874
1174000 0.617911
1175000 0.618075
1176000 0.620483
1177000 0.625275
1178000 0.619537
1179000 0.624984
1180000 0.624706
1181000 0.626447
1182000 0.620123
1183000 0.620929
1184000 0.620737
1185000 0.624012
1186000 0.625447
1187000 0.615253
1188000 0.623697
1189000 0.616138
1190000 0.61214
1191000 0.619425
1192000 0.621408
1193000 0.620076
1194000 0.618666
1195000 0.609719
1196000 0.628969
1197000 0.618873
1198000 0.615025
1199000 0.623973
1200000 0.61998
1201000 0.615017
1202000 0.620103
1203000 0.617056
1204000 0.619418
1205000 0.627346
1206000 0.623899
1207000 0.616529
1208000 0.623019
1209000 0.623519
1210000 0.618944
1211000 0.615821
1212000 0.619437
1213000 0.614342
1214000 0.612553
1215000 0.61619
1216000 0.617861
1217000 0.61769
1218000 0.617254
1219000 0.622851
1220000 0.615977
1221000 0.615586
1222000 0.615364
1223000 0.615293
1224000 0.61814
1225000 0.623581
1226000 0.60974
1227000 0.618769
1228000 0.618252
1229000 0.611742
1230000 0.6065
1231000 0.619941
1232000 0.609428
1233000 0.61182
1234000 0.624611
1235000 0.61049
1236000 0.609105
1237000 0.612406
1238000 0.617495
1239000 0.608078
1240000 0.618127
1241000 0.617615
1242000 0.612452
1243000 0.618133
1244000 0.619236
1245000 0.612941
1246000 0.607999
1247000 0.613444
1248000 0.61918
1249000 0.615376
1250000 0.617613
1251000 0.614119
1252000 0.625669
1253000 0.613544
1254000 0.613598
1255000 0.623181
1256000 0.617264
1257000 0.607392
1258000 0.613531
1259000 0.608694
1260000 0.624818
1261000 0.612894
1262000 0.617157
1263000 0.612119
1264000 0.60827
1265000 0.610683
1266000 0.612258
1267000 0.614154
1268000 0.60899
1269000 0.612861
1270000 0.614217
1271000 0.610009
1272000 0.608389
1273000 0.605573
1274000 0.613405
1275000 0.619629
1276000 0.613684
1277000 0.615831
1278000 0.61682
1279000 0.621568
1280000 0.6147
1281000 0.613413
1282000 0.610972
1283000 0.617344
1284000 0.616851
1285000 0.615994
1286000 0.617603
1287000 0.617553
1288000 0.618803
1289000 0.611678
1290000 0.620474
1291000 0.618612
1292000 0.608776
1293000 0.611988
1294000 0.618853
1295000 0.621564
1296000 0.613135
1297000 0.613992
1298000 0.622193
1299000 0.607159
1300000 0.623085
1301000 0.622446
1302000 0.617651
1303000 0.619404
1304000 0.609585
1305000 0.614311
1306000 0.611337
1307000 0.618501
1308000 0.615118
1309000 0.621428
1310000 0.616436
1311000 0.616715
1312000 0.614499
1313000 0.622105
1314000 0.615072
1315000 0.620377
1316000 0.621456
1317000 0.616471
1318000 0.620544
1319000 0.617661
1320000 0.617266
1321000 0.616313
1322000 0.624084
1323000 0.611166
1324000 0.613191
1325000 0.614326
1326000 0.603056
1327000 0.614236
1328000 0.609399
1329000 0.617372
1330000 0.610499
1331000 0.627855
1332000 0.613225
1333000 0.613767
1334000 0.622903
1335000 0.62485
1336000 0.615194
1337000 0.617478
1338000 0.618358
1339000 0.610902
1340000 0.618058
1341000 0.616231
1342000 0.612546
1343000 0.613294
1344000 0.619967
1345000 0.607069
1346000 0.612507
1347000 0.613666
1348000 0.619255
1349000 0.615107
1350000 0.620887
1351000 0.612712
1352000 0.610599
1353000 0.605028
1354000 0.621455
1355000 0.630177
1356000 0.616227
1357000 0.619781
1358000 0.613157
1359000 0.617977
1360000 0.616256
1361000 0.613479
1362000 0.61128
1363000 0.617144
1364000 0.608336
1365000 0.614078
1366000 0.620779
1367000 0.612341
1368000 0.610785
1369000 0.619387
1370000 0.610001
1371000 0.620806
1372000 0.615474
1373000 0.611742
1374000 0.622395
1375000 0.612771
1376000 0.610836
1377000 0.621721
1378000 0.613623
1379000 0.618047
1380000 0.619116
1381000 0.612485
1382000 0.606143
1383000 0.609708
1384000 0.614651
1385000 0.618881
1386000 0.625983
1387000 0.612622
1388000 0.622583
1389000 0.620341
1390000 0.618424
1391000 0.609834
1392000 0.608489
1393000 0.60562
1394000 0.620498
1395000 0.614909
1396000 0.623006
1397000 0.615955
1398000 0.619218
1399000 0.619608
1400000 0.618094
1401000 0.616492
1402000 0.618162
1403000 0.616228
1404000 0.619598
1405000 0.608746
1406000 0.612441
1407000 0.619956
1408000 0.621612
1409000 0.617271
1410000 0.611291
1411000 0.61408
1412000 0.612215
1413000 0.622738
1414000 0.611748
1415000 0.615127
1416000 0.607451
1417000 0.621015
1418000 0.621231
1419000 0.617535
1420000 0.611019
1421000 0.607214
1422000 0.622448
1423000 0.603731
1424000 0.615547
1425000 0.618444
1426000 0.619356
1427000 0.612258
1428000 0.613331
1429000 0.624163
1430000 0.616858
1431000 0.618344
1432000 0.618853
1433000 0.608084
1434000 0.613267
1435000 0.61577
1436000 0.608854
1437000 0.609373
1438000 0.608219
1439000 0.612217
1440000 0.615711
1441000 0.615632
1442000 0.60644
1443000 0.61165
1444000 0.613384
1445000 0.616874
1446000 0.618138
1447000 0.618612
1448000 0.610729
1449000 0.611488
1450000 0.614142
1451000 0.615955
1452000 0.612802
1453000 0.613886
1454000 0.608194
1455000 0.619467
1456000 0.61214
1457000 0.612773
1458000 0.616418
1459000 0.612557
1460000 0.611462
1461000 0.617117
1462000 0.617047
1463000 0.610409
1464000 0.612593
1465000 0.610423
1466000 0.610278
1467000 0.618303
1468000 0.612542
1469000 0.613058
1470000 0.617061
1471000 0.613217
1472000 0.613028
1473000 0.601127
1474000 0.61535
1475000 0.603322
1476000 0.617831
1477000 0.613082
1478000 0.619228
1479000 0.616852
1480000 0.619023
1481000 0.616838
1482000 0.616133
1483000 0.607254
1484000 0.621407
1485000 0.616495
1486000 0.618369
1487000 0.613104
1488000 0.618152
1489000 0.615758
1490000 0.61399
1491000 0.621304
1492000 0.622921
1493000 0.618393
1494000 0.611098
1495000 0.61547
1496000 0.612281
1497000 0.616024
1498000 0.615713
1499000 0.617319
1500000 0.6129
1501000 0.616953
1502000 0.616596
1503000 0.62569
1504000 0.613327
1505000 0.619771
1506000 0.616827
1507000 0.616123
1508000 0.611857
1509000 0.62344
1510000 0.615573
1511000 0.617429
1512000 0.617268
1513000 0.614751
1514000 0.624554
1515000 0.616936
1516000 0.618794
1517000 0.616846
1518000 0.612478
1519000 0.609762
1520000 0.615405
1521000 0.611609
1522000 0.61268
1523000 0.602918
1524000 0.618881
1525000 0.613367
1526000 0.612288
1527000 0.618241
1528000 0.612884
1529000 0.610198
1530000 0.618481
1531000 0.613244
1532000 0.616446
1533000 0.617563
1534000 0.60878
1535000 0.612877
1536000 0.610522
1537000 0.617036
1538000 0.612734
1539000 0.614446
1540000 0.619003
1541000 0.608088
1542000 0.61006
1543000 0.612824
1544000 0.611414
1545000 0.616675
1546000 0.611897
1547000 0.611922
1548000 0.61552
1549000 0.61182
1550000 0.618493
1551000 0.615505
1552000 0.611249
1553000 0.614597
1554000 0.611473
1555000 0.603125
1556000 0.602242
1557000 0.622459
1558000 0.612523
1559000 0.614908
1560000 0.615861
1561000 0.612109
1562000 0.609619
1563000 0.613334
1564000 0.621787
1565000 0.613342
1566000 0.614194
1567000 0.619421
1568000 0.611864
1569000 0.612033
1570000 0.607801
1571000 0.611663
1572000 0.613013
1573000 0.610365
1574000 0.617836
1575000 0.620358
1576000 0.616125
1577000 0.609035
1578000 0.615879
1579000 0.615033
1580000 0.620012
1581000 0.620265
1582000 0.615847
1583000 0.619883
1584000 0.61553
1585000 0.621524
1586000 0.61384
1587000 0.60402
1588000 0.607751
1589000 0.608952
1590000 0.609255
1591000 0.609548
1592000 0.612414
1593000 0.607243
1594000 0.610743
1595000 0.604032
1596000 0.605547
1597000 0.612722
1598000 0.609333
1599000 0.607566
1600000 0.614041
1601000 0.616784
1602000 0.613725
1603000 0.609715
1604000 0.609419
1605000 0.616546
1606000 0.614017
1607000 0.611441
1608000 0.613292
1609000 0.610483
1610000 0.614709
1611000 0.607038
1612000 0.615818
1613000 0.614633
1614000 0.609766
1615000 0.609119
1616000 0.608163
1617000 0.611608
1618000 0.608809
1619000 0.606094
1620000 0.609589
1621000 0.611003
1622000 0.609938
1623000 0.621016
1624000 0.608256
1625000 0.615682
1626000 0.610368
1627000 0.610422
1628000 0.606336
1629000 0.612958
1630000 0.609276
1631000 0.604973
1632000 0.609902
1633000 0.614312
1634000 0.612228
1635000 0.608802
1636000 0.608312
1637000 0.608051
1638000 0.61244
1639000 0.611001
1640000 0.608198
1641000 0.617794
1642000 0.610542
1643000 0.608595
1644000 0.621891
1645000 0.60817
1646000 0.616025
1647000 0.620908
1648000 0.618124
1649000 0.621739
1650000 0.614326
1651000 0.611369
1652000 0.607044
1653000 0.609615
1654000 0.602792
1655000 0.612955
1656000 0.61398
1657000 0.602585
1658000 0.612081
1659000 0.614989
1660000 0.612626
1661000 0.614831
1662000 0.615539
1663000 0.620684
1664000 0.614928
1665000 0.614924
1666000 0.620769
1667000 0.614011
1668000 0.616385
1669000 0.625692
1670000 0.620344
1671000 0.617921
1672000 0.621204
1673000 0.613025
1674000 0.619586
1675000 0.618465
1676000 0.610364
1677000 0.616572
1678000 0.619749
1679000 0.620373
1680000 0.613411
1681000 0.618083
1682000 0.617849
1683000 0.61301
1684000 0.619247
1685000 0.621678
1686000 0.618123
1687000 0.614641
1688000 0.619637
1689000 0.621869
1690000 0.623898
1691000 0.616624
1692000 0.623371
1693000 0.61223
1694000 0.619517
1695000 0.616908
1696000 0.620152
1697000 0.617403
1698000 0.61311
1699000 0.617136
1700000 0.616409
1701000 0.617514
1702000 0.616459
1703000 0.6191
1704000 0.619573
1705000 0.616653
1706000 0.625821
1707000 0.615754
1708000 0.625478
1709000 0.625091
1710000 0.619078
1711000 0.614207
1712000 0.614475
1713000 0.610953
1714000 0.620779
1715000 0.617283
1716000 0.620674
1717000 0.624358
1718000 0.627702
1719000 0.62364
1720000 0.615906
1721000 0.624953
1722000 0.621372
1723000 0.622567
1724000 0.611003
1725000 0.633588
1726000 0.615377
1727000 0.625998
1728000 0.620072
1729000 0.621793
1730000 0.616611
1731000 0.623085
1732000 0.625625
1733000 0.624795
1734000 0.619835
1735000 0.620356
1736000 0.622476
1737000 0.627866
1738000 0.616896
1739000 0.62092
1740000 0.619393
1741000 0.62366
1742000 0.621487
1743000 0.624552
1744000 0.616198
1745000 0.620737
1746000 0.623348
1747000 0.62556
1748000 0.612062
1749000 0.617224
1750000 0.625868
1751000 0.621547
1752000 0.618647
1753000 0.618219
1754000 0.611014
1755000 0.623505
1756000 0.62128
1757000 0.613011
1758000 0.620551
1759000 0.623854
1760000 0.619117
1761000 0.628876
1762000 0.618098
1763000 0.628555
1764000 0.62083
1765000 0.628051
1766000 0.618921
1767000 0.626263
1768000 0.621043
1769000 0.629369
1770000 0.624391
1771000 0.629518
1772000 0.622878
1773000 0.628045
1774000 0.623127
1775000 0.622969
1776000 0.62242
1777000 0.622025
1778000 0.619566
1779000 0.621869
1780000 0.612268
1781000 0.624832
1782000 0.623816
1783000 0.621805
1784000 0.624565
1785000 0.614835
1786000 0.638331
1787000 0.62992
1788000 0.621708
1789000 0.620627
1790000 0.62521
1791000 0.613557
1792000 0.625204
1793000 0.616178
1794000 0.619704
1795000 0.618211
1796000 0.616169
1797000 0.626974
1798000 0.625041
1799000 0.620468
1800000 0.616576
1801000 0.618371
1802000 0.614391
1803000 0.621419
1804000 0.620593
1805000 0.617881
1806000 0.612178
1807000 0.62212
1808000 0.619832
1809000 0.616899
1810000 0.619874
1811000 0.622049
1812000 0.616482
1813000 0.611398
1814000 0.615881
1815000 0.622012
1816000 0.626712
1817000 0.619892
1818000 0.623278
1819000 0.620447
1820000 0.625835
1821000 0.623039
1822000 0.620051
1823000 0.618949
1824000 0.622503
1825000 0.623361
1826000 0.624574
1827000 0.632354
1828000 0.619604
1829000 0.624763
1830000 0.624116
1831000 0.61687
1832000 0.620793
1833000 0.630102
1834000 0.619889
1835000 0.630508
1836000 0.619154
1837000 0.622693
1838000 0.61564
1839000 0.623871
1840000 0.616242
1841000 0.628311
1842000 0.618485
1843000 0.618685
1844000 0.621579
1845000 0.631456
1846000 0.629964
1847000 0.631434
1848000 0.633237
1849000 0.628248
1850000 0.626321
1851000 0.620818
1852000 0.631627
1853000 0.629521
1854000 0.630819
1855000 0.619589
1856000 0.636564
1857000 0.619828
1858000 0.637846
1859000 0.627576
1860000 0.623183
1861000 0.627236
1862000 0.630541
1863000 0.63585
1864000 0.622834
1865000 0.625696
1866000 0.626118
1867000 0.63009
1868000 0.622286
1869000 0.626933
1870000 0.623526
1871000 0.624488
1872000 0.624975
1873000 0.62432
1874000 0.616757
1875000 0.624282
1876000 0.620971
1877000 0.632056
1878000 0.620442
1879000 0.626779
1880000 0.633677
1881000 0.627586
1882000 0.628376
1883000 0.620291
1884000 0.634866
1885000 0.62635
1886000 0.62655
1887000 0.626634
1888000 0.624328
1889000 0.617655
1890000 0.624745
1891000 0.627201
1892000 0.631493
1893000 0.633109
1894000 0.62836
1895000 0.621387
1896000 0.626645
1897000 0.625102
1898000 0.622787
1899000 0.623353
1900000 0.621864
1901000 0.62097
1902000 0.628756
1903000 0.62482
1904000 0.624075
1905000 0.624234
1906000 0.623404
1907000 0.628275
1908000 0.617422
1909000 0.629584
1910000 0.624953
1911000 0.621011
1912000 0.626491
1913000 0.631505
1914000 0.628157
1915000 0.618078
1916000 0.625293
1917000 0.628492
1918000 0.627223
1919000 0.638405
1920000 0.623557
1921000 0.621016
1922000 0.626036
1923000 0.620201
1924000 0.623205
1925000 0.631894
1926000 0.624563
1927000 0.625452
1928000 0.629193
1929000 0.622729
1930000 0.627007
1931000 0.622774
1932000 0.62982
1933000 0.628186
1934000 0.632196
1935000 0.632703
1936000 0.631225
1937000 0.627297
1938000 0.624012
1939000 0.628731
1940000 0.631424
1941000 0.632672
1942000 0.633329
1943000 0.629003
1944000 0.628482
1945000 0.630897
1946000 0.633301
1947000 0.620869
1948000 0.624184
1949000 0.628402
1950000 0.614903
1951000 0.62948
1952000 0.623805
1953000 0.629376
1954000 0.621053
1955000 0.629944
1956000 0.630565
1957000 0.629653
1958000 0.617188
1959000 0.633175
1960000 0.624994
1961000 0.621608
1962000 0.625553
1963000 0.622303
1964000 0.629433
1965000 0.632809
1966000 0.622395
1967000 0.620762
1968000 0.625893
1969000 0.625397
1970000 0.628028
1971000 0.626877
1972000 0.620258
1973000 0.633043
1974000 0.632309
1975000 0.635367
1976000 0.626475
1977000 0.629853
1978000 0.628077
1979000 0.632393
1980000 0.621529
1981000 0.629092
1982000 0.635766
1983000 0.631602
1984000 0.628989
1985000 0.629104
1986000 0.630414
1987000 0.638575
1988000 0.632174
1989000 0.628616
1990000 0.630297
1991000 0.629437
1992000 0.629046
1993000 0.625236
1994000 0.630183
1995000 0.632152
1996000 0.631406
1997000 0.630771
1998000 0.627764
1999000 0.624391
2000000 0.624536
2001000 0.631461
2002000 0.631344
2003000 0.637264
2004000 0.631405
2005000 0.632578
2006000 0.628011
2007000 0.621804
2008000 0.622658
2009000 0.623788
2010000 0.625295
2011000 0.631743
2012000 0.630474
2013000 0.626587
2014000 0.624213
2015000 0.625662
2016000 0.629957
2017000 0.626103
2018000 0.631518
2019000 0.631912
2020000 0.630835
2021000 0.630139
2022000 0.629878
2023000 0.62221
2024000 0.63456
2025000 0.634171
2026000 0.623892
2027000 0.622398
2028000 0.633244
2029000 0.619525
2030000 0.63715
2031000 0.631504
2032000 0.623576
2033000 0.624581
2034000 0.622598
2035000 0.625936
2036000 0.628928
2037000 0.625946
2038000 0.614337
2039000 0.626955
2040000 0.629062
2041000 0.622595
2042000 0.630738
2043000 0.627741
2044000 0.633666
2045000 0.6328
2046000 0.622996
2047000 0.625638
2048000 0.63435
2049000 0.619334
2050000 0.630757
2051000 0.63206
2052000 0.631208
2053000 0.62813
2054000 0.636646
2055000 0.634497
2056000 0.626098
2057000 0.638508
2058000 0.630124
2059000 0.629307
2060000 0.634157
2061000 0.631546
2062000 0.635096
2063000 0.631355
2064000 0.636762
2065000 0.632723
2066000 0.634959
2067000 0.639358
2068000 0.634801
2069000 0.641772
2070000 0.624792
2071000 0.636744
2072000 0.634507
2073000 0.638721
2074000 0.633627
2075000 0.636893
2076000 0.635692
2077000 0.639911
2078000 0.642808
2079000 0.63686
2080000 0.632349
2081000 0.630715
2082000 0.636576
2083000 0.640169
2084000 0.641336
2085000 0.63507
2086000 0.643485
2087000 0.635072
2088000 0.628012
2089000 0.626436
2090000 0.627892
2091000 0.62438
2092000 0.635507
2093000 0.634212
2094000 0.633063
2095000 0.627821
2096000 0.63303
2097000 0.631888
2098000 0.640013
2099000 0.632446
2100000 0.634856
2101000 0.645779
2102000 0.623859
2103000 0.633419
2104000 0.638793
2105000 0.630446
2106000 0.633065
2107000 0.636864
2108000 0.635727
2109000 0.633841
2110000 0.635485
2111000 0.635189
2112000 0.63862
2113000 0.634038
2114000 0.634578
2115000 0.625691
2116000 0.637615
2117000 0.637621
2118000 0.632255
2119000 0.62708
2120000 0.635891
2121000 0.641045
2122000 0.63453
2123000 0.644865
2124000 0.628191
2125000 0.630672
2126000 0.643148
2127000 0.63228
2128000 0.637106
2129000 0.644374
2130000 0.633344
2131000 0.640412
2132000 0.642334
2133000 0.641362
2134000 0.635493
2135000 0.642714
2136000 0.64055
2137000 0.639472
2138000 0.640244
2139000 0.629875
2140000 0.635438
2141000 0.627625
2142000 0.638992
2143000 0.635241
2144000 0.63799
2145000 0.629945
2146000 0.639097
2147000 0.638556
2148000 0.650441
2149000 0.631194
2150000 0.647346
2151000 0.640275
2152000 0.636459
2153000 0.647649
2154000 0.635857
2155000 0.640611
2156000 0.65186
2157000 0.65027
2158000 0.628398
2159000 0.647948
2160000 0.630826
2161000 0.64094
2162000 0.636436
2163000 0.641063
2164000 0.637655
2165000 0.651141
2166000 0.636228
2167000 0.640391
2168000 0.636987
2169000 0.643234
2170000 0.640121
2171000 0.645047
2172000 0.640611
2173000 0.640369
2174000 0.63769
2175000 0.639466
2176000 0.639197
2177000 0.646249
2178000 0.641972
2179000 0.638036
2180000 0.638433
2181000 0.638027
2182000 0.647903
2183000 0.630705
2184000 0.642151
2185000 0.64464
2186000 0.643933
2187000 0.6306
2188000 0.64635
2189000 0.63678
2190000 0.638182
2191000 0.637479
2192000 0.64368
2193000 0.642996
2194000 0.639857
2195000 0.651538
2196000 0.64057
2197000 0.648116
2198000 0.63835
2199000 0.644667
2200000 0.643627
2201000 0.646057
2202000 0.637374
2203000 0.645534
2204000 0.640065
2205000 0.642027
2206000 0.641799
2207000 0.641726
2208000 0.638281
2209000 0.64891
2210000 0.639189
2211000 0.636879
2212000 0.647406
2213000 0.64698
2214000 0.645406
2215000 0.634932
2216000 0.646598
2217000 0.632558
2218000 0.639865
2219000 0.63984
2220000 0.645267
2221000 0.637837
2222000 0.655286
2223000 0.644489
2224000 0.650746
2225000 0.645997
2226000 0.647795
2227000 0.650741
2228000 0.65102
2229000 0.637047
2230000 0.652102
2231000 0.637052
2232000 0.651012
2233000 0.640733
2234000 0.640731
2235000 0.642543
2236000 0.641749
2237000 0.65193
2238000 0.647117
2239000 0.647655
2240000 0.646217
2241000 0.642832
2242000 0.645661
2243000 0.65645
2244000 0.63623
2245000 0.639838
2246000 0.64671
2247000 0.649415
2248000 0.644245
2249000 0.646157
2250000 0.654895
2251000 0.652004
2252000 0.6465
2253000 0.639788
2254000 0.649648
2255000 0.642982
2256000 0.650312
2257000 0.654133
2258000 0.649996
2259000 0.653448
2260000 0.645607
2261000 0.640344
2262000 0.645932
2263000 0.643203
2264000 0.64697
2265000 0.650691
2266000 0.64133
2267000 0.648706
2268000 0.65362
2269000 0.647833
2270000 0.640671
2271000 0.648826
2272000 0.646061
2273000 0.656972
2274000 0.647319
2275000 0.642206
2276000 0.646947
2277000 0.649475
2278000 0.650876
2279000 0.643644
2280000 0.648681
2281000 0.643559
2282000 0.649052
2283000 0.638952
2284000 0.646284
2285000 0.644678
2286000 0.652913
2287000 0.650026
2288000 0.642395
2289000 0.656703
2290000 0.652403
2291000 0.639134
2292000 0.641778
2293000 0.649429
2294000 0.65198
2295000 0.655149
2296000 0.647891
2297000 0.649857
2298000 0.64633
2299000 0.645447
2300000 0.64764
2301000 0.652444
2302000 0.650166
2303000 0.654242
2304000 0.648616
2305000 0.650592
2306000 0.652712
2307000 0.648777
2308000 0.653772
2309000 0.658323
2310000 0.643367
2311000 0.64817
2312000 0.652565
2313000 0.651173
2314000 0.648733
2315000 0.645515
2316000 0.647592
2317000 0.650738
2318000 0.649071
2319000 0.642342
2320000 0.653491
2321000 0.64584
2322000 0.656125
2323000 0.650445
2324000 0.654383
2325000 0.643905
2326000 0.649134
2327000 0.650028
2328000 0.648602
2329000 0.653297
2330000 0.649884
2331000 0.654362
2332000 0.644678
2333000 0.655322
2334000 0.649302
2335000 0.654192
2336000 0.646699
2337000 0.65083
2338000 0.649839
2339000 0.659788
2340000 0.649183
2341000 0.660432
2342000 0.658248
2343000 0.647762
2344000 0.649827
2345000 0.648417
2346000 0.645489
2347000 0.6494
2348000 0.651614
2349000 0.651099
2350000 0.654258
2351000 0.649142
2352000 0.655014
2353000 0.648194
2354000 0.657115
2355000 0.653011
2356000 0.655532
2357000 0.649142
2358000 0.645867
2359000 0.649673
2360000 0.642445
2361000 0.652101
2362000 0.650624
2363000 0.654204
2364000 0.641249
2365000 0.653096
2366000 0.64474
2367000 0.647781
2368000 0.648462
2369000 0.651235
2370000 0.651062
2371000 0.658616
2372000 0.653631
2373000 0.651237
2374000 0.652098
2375000 0.650418
2376000 0.654497
2377000 0.63924
2378000 0.659225
2379000 0.649928
2380000 0.647352
2381000 0.646811
2382000 0.653116
2383000 0.652114
2384000 0.652541
2385000 0.641247
2386000 0.649467
2387000 0.653719
2388000 0.649492
2389000 0.647485
2390000 0.643446
2391000 0.647524
2392000 0.651448
2393000 0.653559
2394000 0.646737
2395000 0.660269
2396000 0.648949
2397000 0.65305
2398000 0.654147
2399000 0.653408
2400000 0.650142
2401000 0.648073
2402000 0.656642
2403000 0.644664
2404000 0.655237
2405000 0.648423
2406000 0.655096
2407000 0.65803
2408000 0.652099
2409000 0.658878
2410000 0.66065
2411000 0.646989
2412000 0.654186
2413000 0.662152
2414000 0.656641
2415000 0.656608
2416000 0.66128
2417000 0.647569
2418000 0.662966
2419000 0.652899
2420000 0.659359
2421000 0.650555
2422000 0.659357
2423000 0.64904
2424000 0.653018
2425000 0.657932
2426000 0.649723
2427000 0.663575
2428000 0.656532
2429000 0.663817
2430000 0.655997
2431000 0.662743
2432000 0.658273
2433000 0.658679
2434000 0.652239
2435000 0.662388
2436000 0.650471
2437000 0.658545
2438000 0.652413
2439000 0.668015
2440000 0.65389
2441000 0.656893
2442000 0.650899
2443000 0.657225
2444000 0.653106
2445000 0.658639
2446000 0.653981
2447000 0.667835
2448000 0.657684
2449000 0.655546
2450000 0.653913
2451000 0.659471
2452000 0.659701
2453000 0.65158
2454000 0.660682
2455000 0.651863
2456000 0.659637
2457000 0.66327
2458000 0.663671
2459000 0.663189
2460000 0.655322
2461000 0.666666
2462000 0.664068
2463000 0.659403
2464000 0.666914
2465000 0.659709
2466000 0.657213
2467000 0.660346
2468000 0.65988
2469000 0.658905
2470000 0.66713
2471000 0.663291
2472000 0.662568
2473000 0.66432
2474000 0.659575
2475000 0.666369
2476000 0.656428
2477000 0.660934
2478000 0.65304
2479000 0.662157
2480000 0.6635
2481000 0.66222
2482000 0.659676
2483000 0.661066
2484000 0.664159
2485000 0.661744
2486000 0.653461
2487000 0.667524
2488000 0.656121
2489000 0.661795
2490000 0.665661
2491000 0.652368
2492000 0.658816
2493000 0.653388
2494000 0.649905
2495000 0.655435
2496000 0.660209
2497000 0.654682
2498000 0.65484
2499000 0.655724
2500000 0.659462
2501000 0.654791
2502000 0.652958
2503000 0.652317
2504000 0.656604
2505000 0.651184
2506000 0.656677
2507000 0.655375
2508000 0.658689
2509000 0.657473
2510000 0.656746
2511000 0.65713
2512000 0.6544
2513000 0.662456
2514000 0.658299
2515000 0.655155
2516000 0.645091
2517000 0.658653
2518000 0.660543
2519000 0.65382
2520000 0.658994
2521000 0.6554
2522000 0.653232
2523000 0.654262
2524000 0.64959
2525000 0.660017
2526000 0.65737
2527000 0.660677
2528000 0.656825
2529000 0.659089
2530000 0.658392
2531000 0.65275
2532000 0.658278
2533000 0.656519
2534000 0.653413
2535000 0.661879
2536000 0.663771
2537000 0.658183
2538000 0.661544
2539000 0.669354
2540000 0.656669
2541000 0.65816
2542000 0.658214
2543000 0.657565
2544000 0.658746
2545000 0.659917
2546000 0.656986
2547000 0.661732
2548000 0.662748
2549000 0.65887
2550000 0.650083
2551000 0.65674
2552000 0.662698
2553000 0.663109
2554000 0.669042
2555000 0.673255
2556000 0.657763
2557000 0.665263
2558000 0.65625
2559000 0.658508
2560000 0.661505
2561000 0.658759
2562000 0.660828
2563000 0.653243
2564000 0.662717
2565000 0.660264
2566000 0.653172
2567000 0.668772
2568000 0.660998
2569000 0.660202
2570000 0.657691
2571000 0.655771
2572000 0.660311
2573000 0.658167
2574000 0.658946
2575000 0.662113
2576000 0.664361
2577000 0.673376
2578000 0.667207
2579000 0.660878
2580000 0.671308
2581000 0.662133
2582000 0.656413
2583000 0.665672
2584000 0.661125
2585000 0.666531
2586000 0.666151
2587000 0.670409
2588000 0.664623
2589000 0.672742
2590000 0.671762
2591000 0.673496
2592000 0.67203
2593000 0.66929
2594000 0.660842
2595000 0.669574
2596000 0.669194
2597000 0.668045
2598000 0.66081
2599000 0.662968
2600000 0.654013
2601000 0.671387
2602000 0.663608
2603000 0.661308
2604000 0.659523
2605000 0.67056
2606000 0.665385
2607000 0.658798
2608000 0.671939
2609000 0.65973
2610000 0.667704
2611000 0.664452
2612000 0.668483
2613000 0.665674
2614000 0.666804
2615000 0.660104
2616000 0.660684
2617000 0.657422
2618000 0.671124
2619000 0.671212
2620000 0.669396
2621000 0.664749
2622000 0.671303
2623000 0.666637
2624000 0.659886
2625000 0.662702
2626000 0.66385
2627000 0.665307
2628000 0.648526
2629000 0.670886
2630000 0.665059
2631000 0.67987
2632000 0.659681
2633000 0.653983
2634000 0.661989
2635000 0.660124
2636000 0.663319
2637000 0.659402
2638000 0.667457
2639000 0.66401
2640000 0.658176
2641000 0.665565
2642000 0.667828
2643000 0.674342
2644000 0.673649
2645000 0.663402
2646000 0.661362
2647000 0.663289
2648000 0.673635
2649000 0.662981
2650000 0.65947
2651000 0.659246
2652000 0.661884
2653000 0.661459
2654000 0.663265
2655000 0.662082
2656000 0.661577
2657000 0.661992
2658000 0.655159
2659000 0.663868
2660000 0.663713
2661000 0.667783
2662000 0.65974
2663000 0.66751
2664000 0.662364
2665000 0.664471
2666000 0.674233
2667000 0.662481
2668000 0.669489
2669000 0.673315
2670000 0.661938
2671000 0.666675
2672000 0.655602
2673000 0.667942
2674000 0.668433
2675000 0.673387
2676000 0.664872
2677000 0.659774
2678000 0.66095
2679000 0.666257
2680000 0.657065
2681000 0.658294
2682000 0.668158
2683000 0.664646
2684000 0.662533
2685000 0.659984
2686000 0.66532
2687000 0.660513
2688000 0.665063
2689000 0.663959
2690000 0.666047
2691000 0.660306
2692000 0.670508
2693000 0.65005
2694000 0.662369
2695000 0.668632
2696000 0.658068
2697000 0.670191
2698000 0.664371
2699000 0.665509
2700000 0.664269
2701000 0.67977
2702000 0.66811
2703000 0.668748
2704000 0.662842
2705000 0.66044
2706000 0.664588
2707000 0.661293
2708000 0.663272
2709000 0.669423
2710000 0.67305
2711000 0.663379
2712000 0.669551
2713000 0.663023
2714000 0.663094
2715000 0.668402
2716000 0.663398
2717000 0.662887
2718000 0.665471
2719000 0.670424
2720000 0.665469
2721000 0.658227
2722000 0.660401
2723000 0.666971
2724000 0.657341
2725000 0.664007
2726000 0.656854
2727000 0.668465
2728000 0.660646
2729000 0.661046
2730000 0.657364
2731000 0.670759
2732000 0.667256
2733000 0.671726
2734000 0.661711
2735000 0.663257
2736000 0.671044
2737000 0.662128
2738000 0.668184
2739000 0.664598
2740000 0.664728
2741000 0.665414
2742000 0.665818
2743000 0.663652
2744000 0.663225
2745000 0.659088
2746000 0.661205
2747000 0.666872
2748000 0.66258
2749000 0.666125
2750000 0.664013
2751000 0.670061
2752000 0.66544
2753000 0.67584
2754000 0.661628
2755000 0.664849
2756000 0.663426
2757000 0.661843
2758000 0.660798
2759000 0.666269
2760000 0.655723
2761000 0.661126
2762000 0.658149
2763000 0.666959
2764000 0.667766
2765000 0.663531
2766000 0.662845
2767000 0.663311
2768000 0.663508
2769000 0.661084
2770000 0.659303
2771000 0.664482
2772000 0.668064
2773000 0.65521
2774000 0.661846
2775000 0.656907
2776000 0.664797
2777000 0.664637
2778000 0.6642
2779000 0.662563
2780000 0.671738
2781000 0.664273
2782000 0.665169
2783000 0.671782
2784000 0.659456
2785000 0.657815
2786000 0.672358
2787000 0.65911
2788000 0.660872
2789000 0.665671
2790000 0.663524
2791000 0.668466
2792000 0.664052
2793000 0.66713
2794000 0.664965
2795000 0.665444
2796000 0.663251
2797000 0.667827
2798000 0.668828
2799000 0.672801
2800000 0.66768
2801000 0.660292
2802000 0.667867
2803000 0.66429
2804000 0.66457
2805000 0.666809
2806000 0.667616
2807000 0.665987
2808000 0.667572
2809000 0.66271
2810000 0.662007
2811000 0.665561
2812000 0.666265
2813000 0.668173
2814000 0.665969
2815000 0.664497
2816000 0.670961
2817000 0.66918
2818000 0.665091
2819000 0.67017
2820000 0.672258
2821000 0.668392
2822000 0.664985
2823000 0.665351
2824000 0.659438
2825000 0.672512
2826000 0.669377
2827000 0.670336
2828000 0.665086
2829000 0.669891
2830000 0.675355
2831000 0.676966
2832000 0.664586
2833000 0.662642
2834000 0.670268
2835000 0.663245
2836000 0.664865
2837000 0.674175
2838000 0.669544
2839000 0.667692
2840000 0.66468
2841000 0.662588
2842000 0.658797
2843000 0.67033
2844000 0.658322
2845000 0.670265
2846000 0.664039
2847000 0.666495
2848000 0.665492
2849000 0.668658
2850000 0.668486
2851000 0.666884
2852000 0.669217
2853000 0.665073
2854000 0.664802
2855000 0.667569
2856000 0.665438
2857000 0.665501
2858000 0.665958
2859000 0.67018
2860000 0.675057
2861000 0.67218
2862000 0.675102
2863000 0.668262
2864000 0.674909
2865000 0.664864
2866000 0.674348
2867000 0.666442
2868000 0.678133
2869000 0.670615
2870000 0.676274
2871000 0.668873
2872000 0.676391
2873000 0.675118
2874000 0.67376
2875000 0.671992
2876000 0.675804
2877000 0.671959
2878000 0.665978
2879000 0.669957
2880000 0.673357
2881000 0.673036
2882000 0.674228
2883000 0.684079
2884000 0.671712
2885000 0.671422
2886000 0.668974
2887000 0.674981
2888000 0.670238
2889000 0.673366
2890000 0.675657
2891000 0.673225
2892000 0.666801
2893000 0.675692
2894000 0.671307
2895000 0.676076
2896000 0.67131
2897000 0.678831
2898000 0.663391
2899000 0.667986
2900000 0.674295
2901000 0.675666
2902000 0.671591
2903000 0.661944
2904000 0.678189
2905000 0.669937
2906000 0.672391
2907000 0.661476
2908000 0.679225
2909000 0.6696
2910000 0.672245
2911000 0.667731
2912000 0.672062
2913000 0.676751
2914000 0.670162
2915000 0.667035
2916000 0.670587
2917000 0.675589
2918000 0.667345
2919000 0.675844
2920000 0.670482
2921000 0.672057
2922000 0.675923
2923000 0.673385
2924000 0.677657
2925000 0.670241
2926000 0.670996
2927000 0.668423
2928000 0.672254
2929000 0.670378
2930000 0.669418
2931000 0.664085
2932000 0.667022
2933000 0.672078
2934000 0.662945
2935000 0.672984
2936000 0.672929
2937000 0.668138
2938000 0.667173
2939000 0.668693
2940000 0.667058
2941000 0.670298
2942000 0.665288
2943000 0.667404
2944000 0.667274
2945000 0.673797
2946000 0.675055
2947000 0.673413
2948000 0.673501
2949000 0.665069
2950000 0.666557
2951000 0.667089
2952000 0.665487
2953000 0.669941
2954000 0.671761
2955000 0.669569
2956000 0.673936
2957000 0.670895
2958000 0.673537
2959000 0.66813
2960000 0.672993
2961000 0.666818
2962000 0.669218
2963000 0.659232
2964000 0.662865
2965000 0.670628
2966000 0.669949
2967000 0.66869
2968000 0.666581
2969000 0.668258
2970000 0.668246
2971000 0.667652
2972000 0.666481
2973000 0.667252
2974000 0.661534
2975000 0.668981
2976000 0.672593
2977000 0.66674
2978000 0.669147
2979000 0.677098
2980000 0.672043
2981000 0.671203
2982000 0.669171
2983000 0.662428
2984000 0.672375
2985000 0.672384
2986000 0.665018
2987000 0.665706
2988000 0.667032
2989000 0.668162
2990000 0.669924
2991000 0.678558
2992000 0.670955
2993000 0.672016
2994000 0.663674
2995000 0.668089
2996000 0.67438
2997000 0.660195
2998000 0.676247
2999000 0.671716
3000000 0.675441
3001000 0.667969
3002000 0.666912
3003000 0.672796
3004000 0.667742
3005000 0.670304
3006000 0.670805
3007000 0.670286
3008000 0.668331
3009000 0.678757
3010000 0.670869
3011000 0.675506
3012000 0.678456
3013000 0.670802
3014000 0.679366
3015000 0.677267
3016000 0.672061
3017000 0.683986
3018000 0.671687
3019000 0.670817
3020000 0.670551
3021000 0.674519
3022000 0.671132
3023000 0.671679
3024000 0.665234
3025000 0.676209
3026000 0.663319
3027000 0.66503
3028000 0.672264
3029000 0.681463
3030000 0.675268
3031000 0.676688
3032000 0.674234
3033000 0.671095
3034000 0.680318
3035000 0.66624
3036000 0.672505
3037000 0.66792
3038000 0.674865
3039000 0.676652
3040000 0.674817
3041000 0.680855
3042000 0.679767
3043000 0.679693
3044000 0.676709
3045000 0.670763
3046000 0.672241
3047000 0.664438
3048000 0.67187
3049000 0.67569
3050000 0.67619
3051000 0.679481
3052000 0.670701
3053000 0.677195
3054000 0.670137
3055000 0.682318
3056000 0.681083
3057000 0.675991
3058000 0.680793
3059000 0.682469
3060000 0.680337
3061000 0.675018
3062000 0.678081
3063000 0.673704
3064000 0.667158
3065000 0.670324
3066000 0.678352
3067000 0.668552
3068000 0.669245
3069000 0.671161
3070000 0.674565
3071000 0.666638
3072000 0.675141
3073000 0.673084
3074000 0.677439
3075000 0.670812
3076000 0.665218
3077000 0.671358
3078000 0.676114
3079000 0.678191
3080000 0.674635
3081000 0.670039
3082000 0.671784
3083000 0.673337
3084000 0.66953
3085000 0.671564
3086000 0.671374
3087000 0.672105
3088000 0.666363
3089000 0.67312
3090000 0.680339
3091000 0.678938
3092000 0.666427
3093000 0.673928
3094000 0.674128
3095000 0.67673
3096000 0.671839
3097000 0.668993
3098000 0.670709
3099000 0.669572
3100000 0.66639
3101000 0.665102
3102000 0.673648
3103000 0.678068
3104000 0.676351
3105000 0.670717
3106000 0.672438
3107000 0.663908
3108000 0.674331
3109000 0.675259
3110000 0.678033
3111000 0.665106
3112000 0.678172
3113000 0.678384
3114000 0.669319
3115000 0.67039
3116000 0.663427
3117000 0.666403
3118000 0.673576
3119000 0.67214
3120000 0.672798
3121000 0.671888
3122000 0.669662
3123000 0.674745
3124000 0.676041
3125000 0.678074
3126000 0.669522
3127000 0.681895
3128000 0.669967
3129000 0.667067
3130000 0.664311
3131000 0.669014
3132000 0.673572
3133000 0.670741
3134000 0.670455
3135000 0.674039
3136000 0.671944
3137000 0.666428
3138000 0.674345
3139000 0.671829
3140000 0.671694
3141000 0.669347
3142000 0.672836
3143000 0.669744
3144000 0.680748
3145000 0.677129
3146000 0.673697
3147000 0.671053
3148000 0.669264
3149000 0.665462
3150000 0.674025
3151000 0.669518
3152000 0.667851
3153000 0.671451
3154000 0.67773
3155000 0.680085
3156000 0.671089
3157000 0.677575
3158000 0.669872
3159000 0.671379
3160000 0.668175
3161000 0.670845
3162000 0.667713
3163000 0.683054
3164000 0.668189
3165000 0.675942
3166000 0.667957
3167000 0.675728
3168000 0.671636
3169000 0.669872
3170000 0.671223
3171000 0.67453
3172000 0.668548
3173000 0.671042
3174000 0.673851
3175000 0.670303
3176000 0.667538
3177000 0.668387
3178000 0.67339
3179000 0.662366
3180000 0.672115
3181000 0.669255
3182000 0.666772
3183000 0.663975
3184000 0.672155
3185000 0.667841
3186000 0.67017
3187000 0.669592
3188000 0.671547
3189000 0.671845
3190000 0.671254
3191000 0.675347
3192000 0.665509
3193000 0.677436
3194000 0.669866
3195000 0.672684
3196000 0.667419
3197000 0.680825
3198000 0.671372
3199000 0.68057
3200000 0.673903
3201000 0.681063
3202000 0.674998
3203000 0.680785
3204000 0.669878
3205000 0.673443
3206000 0.685421
3207000 0.677259
3208000 0.678214
3209000 0.68213
3210000 0.680465
3211000 0.674331
3212000 0.685901
3213000 0.67546
3214000 0.683503
3215000 0.6691
3216000 0.685502
3217000 0.671061
3218000 0.678485
3219000 0.671939
3220000 0.676416
3221000 0.680418
3222000 0.680245
3223000 0.675295
3224000 0.670677
3225000 0.671014
3226000 0.679611
3227000 0.677918
3228000 0.674683
3229000 0.669378
3230000 0.674025
3231000 0.670028
3232000 0.672431
3233000 0.670483
3234000 0.679614
3235000 0.673899
3236000 0.679022
3237000 0.68298
3238000 0.674527
3239000 0.674075
3240000 0.676431
3241000 0.669918
3242000 0.678977
3243000 0.671518
3244000 0.676258
3245000 0.677829
3246000 0.675993
3247000 0.674513
3248000 0.676113
3249000 0.671898
3250000 0.67567
3251000 0.675901
3252000 0.674033
3253000 0.682117
3254000 0.680533
3255000 0.675541
3256000 0.685689
3257000 0.680997
3258000 0.685493
3259000 0.683428
3260000 0.675724
3261000 0.683467
3262000 0.676503
3263000 0.679768
3264000 0.681013
3265000 0.67287
3266000 0.676975
3267000 0.677036
3268000 0.676809
3269000 0.681817
3270000 0.673002
3271000 0.674682
3272000 0.677556
3273000 0.664462
3274000 0.67289
3275000 0.678792
3276000 0.68492
3277000 0.686308
3278000 0.67152
3279000 0.688784
3280000 0.682874
3281000 0.673255
3282000 0.673617
3283000 0.673609
3284000 0.674664
3285000 0.674733
3286000 0.674001
3287000 0.672781
3288000 0.676999
3289000 0.673082
3290000 0.677686
3291000 0.679355
3292000 0.685512
3293000 0.681668
3294000 0.675129
3295000 0.675855
3296000 0.682409
3297000 0.682617
3298000 0.674576
3299000 0.679133
3300000 0.672423
3301000 0.682086
3302000 0.680918
3303000 0.671776
3304000 0.679033
3305000 0.67195
3306000 0.67735
3307000 0.675044
3308000 0.679602
3309000 0.678842
3310000 0.677557
3311000 0.678657
3312000 0.677957
3313000 0.676842
3314000 0.679279
3315000 0.676505
3316000 0.668291
3317000 0.680939
3318000 0.676499
3319000 0.679562
3320000 0.678062
3321000 0.673922
3322000 0.679051
3323000 0.675373
3324000 0.670544
3325000 0.677547
3326000 0.681123
3327000 0.674331
3328000 0.677873
3329000 0.677985
3330000 0.674966
3331000 0.682869
3332000 0.683936
3333000 0.679881
3334000 0.676198
3335000 0.669141
3336000 0.678301
3337000 0.675188
3338000 0.675866
3339000 0.671689
3340000 0.67774
3341000 0.672903
3342000 0.675468
3343000 0.682482
3344000 0.670103
3345000 0.669412
3346000 0.674552
3347000 0.667704
3348000 0.682738
3349000 0.67649
3350000 0.670295
3351000 0.675502
3352000 0.676506
3353000 0.667249
3354000 0.673247
3355000 0.67877
3356000 0.663774
3357000 0.677938
3358000 0.678722
3359000 0.681028
3360000 0.678642
3361000 0.672455
3362000 0.669027
3363000 0.672248
3364000 0.675944
3365000 0.673645
3366000 0.677607
3367000 0.674362
3368000 0.68393
3369000 0.672712
3370000 0.678432
3371000 0.674437
3372000 0.672367
3373000 0.67862
3374000 0.673631
3375000 0.673735
3376000 0.680169
3377000 0.680885
3378000 0.675591
3379000 0.674656
3380000 0.666108
3381000 0.679075
3382000 0.677904
3383000 0.673667
3384000 0.676776
3385000 0.679429
3386000 0.674657
3387000 0.678254
3388000 0.676895
3389000 0.676752
3390000 0.685193
3391000 0.673069
3392000 0.675598
3393000 0.672911
3394000 0.681292
3395000 0.675929
3396000 0.683163
3397000 0.675877
3398000 0.675872
3399000 0.680093
3400000 0.682744
3401000 0.673796
3402000 0.689713
3403000 0.682026
3404000 0.684755
3405000 0.683691
3406000 0.677918
3407000 0.677818
3408000 0.681254
3409000 0.685963
3410000 0.694027
3411000 0.678435
3412000 0.68831
3413000 0.686947
3414000 0.679212
3415000 0.682181
3416000 0.682015
3417000 0.694803
3418000 0.688028
3419000 0.686792
3420000 0.687826
3421000 0.697186
3422000 0.686833
3423000 0.694909
3424000 0.693342
3425000 0.693152
3426000 0.68878
3427000 0.686543
3428000 0.691445
3429000 0.690902
3430000 0.686156
3431000 0.687426
3432000 0.683666
3433000 0.691509
3434000 0.693123
3435000 0.691311
3436000 0.68066
3437000 0.680093
3438000 0.677909
3439000 0.687215
3440000 0.685272
3441000 0.687545
3442000 0.684219
3443000 0.686302
3444000 0.685328
3445000 0.685078
3446000 0.680385
3447000 0.676254
3448000 0.68494
3449000 0.676975
3450000 0.681044
3451000 0.680175
3452000 0.68142
3453000 0.683813
3454000 0.685637
3455000 0.683093
3456000 0.684846
3457000 0.677207
3458000 0.68491
3459000 0.677468
3460000 0.683887
3461000 0.680168
3462000 0.680029
3463000 0.683286
3464000 0.668614
3465000 0.675237
3466000 0.682533
3467000 0.682565
3468000 0.680995
3469000 0.675096
3470000 0.680823
3471000 0.682866
3472000 0.681898
3473000 0.687847
3474000 0.677921
3475000 0.683651
3476000 0.678094
3477000 0.685248
3478000 0.669235
3479000 0.685033
3480000 0.680996
3481000 0.679887
3482000 0.674621
3483000 0.68124
3484000 0.68053
3485000 0.673468
3486000 0.678908
3487000 0.685311
3488000 0.690449
3489000 0.688832
3490000 0.684221
3491000 0.677448
3492000 0.690321
3493000 0.680655
3494000 0.685692
3495000 0.68339
3496000 0.687448
3497000 0.681706
3498000 0.689864
3499000 0.680874
3500000 0.683277
3501000 0.675036
3502000 0.682306
3503000 0.682428
3504000 0.681164
3505000 0.676445
3506000 0.677943
3507000 0.68143
3508000 0.676011
3509000 0.676974
3510000 0.67594
3511000 0.678671
3512000 0.676345
3513000 0.678249
3514000 0.673245
3515000 0.688508
3516000 0.679222
3517000 0.676366
3518000 0.676827
3519000 0.678066
3520000 0.677731
3521000 0.676746
3522000 0.684195
3523000 0.681398
3524000 0.672997
3525000 0.681049
3526000 0.682466
3527000 0.688288
3528000 0.676453
3529000 0.685512
3530000 0.688615
3531000 0.678362
3532000 0.679656
3533000 0.690008
3534000 0.674197
3535000 0.68261
3536000 0.690365
3537000 0.67823
3538000 0.687651
3539000 0.676329
3540000 0.683222
3541000 0.682933
3542000 0.687128
3543000 0.67539
3544000 0.67258
3545000 0.678201
3546000 0.683212
3547000 0.680707
3548000 0.685959
3549000 0.68555
3550000 0.67702
3551000 0.692878
3552000 0.686878
3553000 0.688333
3554000 0.683356
3555000 0.68865
3556000 0.679337
3557000 0.676675
3558000 0.687241
3559000 0.692159
3560000 0.684738
3561000 0.691894
3562000 0.6897
3563000 0.684036
3564000 0.685293
3565000 0.679865
3566000 0.687876
3567000 0.689503
3568000 0.687146
3569000 0.677197
3570000 0.689304
3571000 0.683816
3572000 0.679574
3573000 0.685601
3574000 0.687711
3575000 0.695932
3576000 0.691304
3577000 0.691083
3578000 0.678375
3579000 0.69879
3580000 0.688957
3581000 0.695793
3582000 0.685983
3583000 0.693546
3584000 0.688159
3585000 0.689489
3586000 0.676732
3587000 0.697288
3588000 0.679679
3589000 0.689436
3590000 0.683808
3591000 0.695977
3592000 0.690244
3593000 0.687928
3594000 0.68756
3595000 0.687436
3596000 0.684241
3597000 0.681825
3598000 0.684736
3599000 0.687232
3600000 0.686313
3601000 0.68353
3602000 0.683999
3603000 0.681873
3604000 0.697683
3605000 0.682498
3606000 0.688019
3607000 0.681813
3608000 0.695994
3609000 0.686355
3610000 0.696182
3611000 0.681171
3612000 0.682159
3613000 0.684043
3614000 0.685534
3615000 0.680222
3616000 0.689447
3617000 0.689535
3618000 0.683889
3619000 0.693266
3620000 0.691111
3621000 0.68816
3622000 0.691353
3623000 0.690504
3624000 0.684025
3625000 0.696548
3626000 0.691076
3627000 0.694267
3628000 0.685353
3629000 0.688067
3630000 0.689418
3631000 0.690037
3632000 0.680225
3633000 0.689916
3634000 0.691835
3635000 0.691379
3636000 0.685348
3637000 0.687565
3638000 0.686581
3639000 0.68792
3640000 0.697161
3641000 0.682575
3642000 0.686774
3643000 0.679411
3644000 0.688229
3645000 0.676411
3646000 0.681625
3647000 0.683287
3648000 0.679166
3649000 0.689591
3650000 0.67768
3651000 0.681257
3652000 0.693337
3653000 0.68682
3654000 0.678785
3655000 0.684637
3656000 0.690068
3657000 0.686881
3658000 0.683643
3659000 0.686568
3660000 0.682416
3661000 0.68217
3662000 0.685088
3663000 0.679933
3664000 0.684763
3665000 0.680829
3666000 0.682073
3667000 0.677688
3668000 0.69123
3669000 0.686511
3670000 0.686546
3671000 0.679597
3672000 0.686961
3673000 0.68526
3674000 0.69197
3675000 0.68481
3676000 0.684149
3677000 0.684823
3678000 0.687438
3679000 0.691896
3680000 0.68378
3681000 0.686596
3682000 0.683216
3683000 0.684889
3684000 0.681248
3685000 0.684382
3686000 0.684985
3687000 0.6833
3688000 0.680864
3689000 0.692593
3690000 0.683821
3691000 0.683701
3692000 0.681277
3693000 0.675106
3694000 0.690528
3695000 0.674225
3696000 0.692465
3697000 0.691981
3698000 0.682283
3699000 0.685705
3700000 0.684068
3701000 0.687545
3702000 0.688981
3703000 0.687073
3704000 0.691422
3705000 0.68946
3706000 0.687814
3707000 0.684394
3708000 0.692206
3709000 0.682922
3710000 0.679102
3711000 0.684443
3712000 0.681897
3713000 0.674532
3714000 0.677257
3715000 0.687982
3716000 0.682679
3717000 0.675704
3718000 0.686837
3719000 0.684727
3720000 0.686758
3721000 0.689895
3722000 0.684199
3723000 0.687569
3724000 0.686611
3725000 0.677738
3726000 0.681994
3727000 0.688634
3728000 0.67175
3729000 0.687938
3730000 0.678327
3731000 0.681108
3732000 0.68641
3733000 0.692635
3734000 0.677867
3735000 0.680387
3736000 0.682696
3737000 0.685613
3738000 0.692429
3739000 0.683154
3740000 0.685385
3741000 0.683065
3742000 0.67823
3743000 0.686718
3744000 0.69012
3745000 0.684269
3746000 0.692782
3747000 0.686715
3748000 0.682022
3749000 0.684243
3750000 0.689392
3751000 0.692166
3752000 0.686746
3753000 0.698998
3754000 0.682766
3755000 0.686192
3756000 0.684358
3757000 0.687548
3758000 0.680031
3759000 0.682012
3760000 0.680178
3761000 0.67955
3762000 0.684059
3763000 0.694046
3764000 0.685107
3765000 0.68441
3766000 0.684474
3767000 0.683198
3768000 0.687183
3769000 0.684539
3770000 0.695365
3771000 0.682972
3772000 0.690947
3773000 0.678417
3774000 0.690298
3775000 0.683197
3776000 0.684109
3777000 0.675898
3778000 0.689456
3779000 0.679762
3780000 0.68102
3781000 0.677053
3782000 0.678189
3783000 0.682741
3784000 0.679255
3785000 0.675242
3786000 0.689926
3787000 0.681101
3788000 0.683587
3789000 0.691975
3790000 0.687824
3791000 0.683973
3792000 0.685332
3793000 0.683537
3794000 0.684527
3795000 0.680273
3796000 0.677885
3797000 0.684335
3798000 0.681201
3799000 0.681771
3800000 0.682189
3801000 0.682269
3802000 0.68699
3803000 0.674579
3804000 0.681046
3805000 0.68241
3806000 0.6854
3807000 0.689112
3808000 0.682476
3809000 0.680734
3810000 0.682461
3811000 0.685467
3812000 0.683085
3813000 0.682307
3814000 0.676559
3815000 0.673232
3816000 0.683772
3817000 0.673259
3818000 0.680818
3819000 0.676958
3820000 0.687532
3821000 0.682783
3822000 0.67383
3823000 0.679871
3824000 0.680997
3825000 0.680845
3826000 0.678202
3827000 0.67923
3828000 0.686386
3829000 0.677234
3830000 0.680848
3831000 0.67537
3832000 0.674444
3833000 0.672566
3834000 0.679132
3835000 0.683258
3836000 0.673569
3837000 0.696757
3838000 0.679665
3839000 0.680426
3840000 0.674643
3841000 0.683257
3842000 0.670303
3843000 0.673389
3844000 0.672776
3845000 0.674772
3846000 0.668514
3847000 0.676488
3848000 0.67712
3849000 0.682418
3850000 0.679272
3851000 0.680443
3852000 0.684391
3853000 0.684505
3854000 0.683331
3855000 0.680602
3856000 0.682999
3857000 0.676579
3858000 0.688599
3859000 0.679217
3860000 0.688402
3861000 0.67996
3862000 0.690124
3863000 0.67553
3864000 0.68482
3865000 0.677407
3866000 0.679792
3867000 0.685339
3868000 0.674875
3869000 0.681497
3870000 0.683917
3871000 0.676611
3872000 0.678561
3873000 0.6812
3874000 0.68752
3875000 0.678375
3876000 0.684466
3877000 0.692248
3878000 0.677869
3879000 0.684971
3880000 0.674266
3881000 0.678399
3882000 0.665537
3883000 0.689337
3884000 0.683117
3885000 0.679201
3886000 0.68112
3887000 0.678521
3888000 0.687008
3889000 0.677893
3890000 0.680208
3891000 0.679368
3892000 0.686839
3893000 0.686682
3894000 0.681836
3895000 0.675934
3896000 0.678601
3897000 0.685894
3898000 0.684185
3899000 0.677173
3900000 0.679206
3901000 0.688868
3902000 0.68131
3903000 0.684965
3904000 0.682405
3905000 0.681461
3906000 0.680975
3907000 0.676431
3908000 0.683255
3909000 0.679942
3910000 0.685845
3911000 0.683776
3912000 0.688763
3913000 0.686533
3914000 0.692303
3915000 0.683925
3916000 0.687061
3917000 0.686159
3918000 0.681275
3919000 0.684634
3920000 0.689208
3921000 0.680688
3922000 0.681744
3923000 0.69044
3924000 0.677803
3925000 0.67856
3926000 0.67856
3927000 0.686016
3928000 0.678722
3929000 0.692561
3930000 0.679999
3931000 0.68498
3932000 0.679862
3933000 0.688852
3934000 0.684904
3935000 0.685584
3936000 0.686834
3937000 0.67591
3938000 0.682396
3939000 0.682389
3940000 0.679152
3941000 0.684928
3942000 0.685809
3943000 0.675555
3944000 0.679435
3945000 0.686344
3946000 0.685773
3947000 0.683232
3948000 0.684938
3949000 0.676363
3950000 0.691157
3951000 0.683659
3952000 0.688431
3953000 0.68347
3954000 0.686835
3955000 0.684063
3956000 0.687186
3957000 0.686231
3958000 0.683706
3959000 0.678739
3960000 0.68006
3961000 0.687155
3962000 0.683179
3963000 0.690577
3964000 0.684813
3965000 0.682173
3966000 0.687781
3967000 0.681144
3968000 0.684894
3969000 0.691347
3970000 0.683954
3971000 0.685294
3972000 0.67839
3973000 0.674834
3974000 0.68303
3975000 0.678756
3976000 0.683542
3977000 0.689346
3978000 0.687547
3979000 0.688325
3980000 0.681598
3981000 0.679607
3982000 0.691895
3983000 0.674598
3984000 0.682209
3985000 0.679201
3986000 0.681371
3987000 0.685188
3988000 0.689968
3989000 0.691744
3990000 0.682562
3991000 0.678938
3992000 0.691028
3993000 0.688757
3994000 0.679953
3995000 0.688844
3996000 0.68707
3997000 0.68331
3998000 0.683099
3999000 0.678613
4000000 0.679493
4001000 0.679221
4002000 0.680435
4003000 0.67904
4004000 0.685888
4005000 0.681104
4006000 0.689705
4007000 0.674437
4008000 0.685456
4009000 0.682711
4010000 0.6809
4011000 0.684519
4012000 0.691256
4013000 0.681067
4014000 0.686708
4015000 0.677949
4016000 0.679601
4017000 0.687256
4018000 0.678802
4019000 0.686598
4020000 0.685572
4021000 0.68527
4022000 0.681255
4023000 0.684954
4024000 0.683255
4025000 0.678551
4026000 0.682906
4027000 0.680727
4028000 0.681608
4029000 0.680562
4030000 0.68413
4031000 0.686883
4032000 0.68763
4033000 0.688407
4034000 0.678068
4035000 0.684832
4036000 0.68611
4037000 0.686151
4038000 0.673473
4039000 0.68238
4040000 0.684485
4041000 0.68163
4042000 0.684153
4043000 0.683131
4044000 0.673517
4045000 0.685606
4046000 0.690161
4047000 0.682202
4048000 0.689337
4049000 0.686294
4050000 0.68868
4051000 0.677446
4052000 0.683923
4053000 0.691599
4054000 0.682044
4055000 0.689
4056000 0.683815
4057000 0.680742
4058000 0.683605
4059000 0.677554
4060000 0.687362
4061000 0.683674
4062000 0.684832
4063000 0.687355
4064000 0.690757
4065000 0.693553
4066000 0.693833
4067000 0.698216
4068000 0.692181
4069000 0.684831
4070000 0.690962
4071000 0.691714
4072000 0.688212
4073000 0.686403
4074000 0.696283
4075000 0.681932
4076000 0.6863
4077000 0.688204
4078000 0.684907
4079000 0.693374
4080000 0.692885
4081000 0.685419
4082000 0.70027
4083000 0.686467
4084000 0.690881
4085000 0.687226
4086000 0.693541
4087000 0.685279
4088000 0.686737
4089000 0.687813
4090000 0.691971
4091000 0.689172
4092000 0.6816
4093000 0.689673
4094000 0.688685
4095000 0.692735
4096000 0.68802
4097000 0.688375
4098000 0.687892
4099000 0.685255
4100000 0.687851
4101000 0.693483
4102000 0.684671
4103000 0.689249
4104000 0.700943
4105000 0.678478
4106000 0.687142
4107000 0.688197
4108000 0.686634
4109000 0.691328
4110000 0.681936
4111000 0.678764
4112000 0.68579
4113000 0.685157
4114000 0.68036
4115000 0.680907
4116000 0.68541
4117000 0.693479
4118000 0.682021
4119000 0.686443
4120000 0.691054
4121000 0.691897
4122000 0.689422
4123000 0.68805
4124000 0.679428
4125000 0.691392
4126000 0.682612
4127000 0.695362
4128000 0.691066
4129000 0.682934
4130000 0.677398
4131000 0.693056
4132000 0.684519
4133000 0.695303
4134000 0.688107
4135000 0.682764
4136000 0.689145
4137000 0.695339
4138000 0.684713
4139000 0.684657
4140000 0.692757
4141000 0.684196
4142000 0.690127
4143000 0.686979
4144000 0.688996
4145000 0.678354
4146000 0.689825
4147000 0.679872
4148000 0.688499
4149000 0.687366
4150000 0.685079
4151000 0.68862
4152000 0.681678
4153000 0.678696
4154000 0.685079
4155000 0.678052
4156000 0.686996
4157000 0.692516
4158000 0.689633
4159000 0.692882
4160000 0.68672
4161000 0.681412
4162000 0.677821
4163000 0.679977
4164000 0.684669
4165000 0.688194
4166000 0.675901
4167000 0.683204
4168000 0.686878
4169000 0.690062
4170000 0.69183
4171000 0.689251
4172000 0.689181
4173000 0.686658
4174000 0.682167
4175000 0.685962
4176000 0.693978
4177000 0.682834
4178000 0.683472
4179000 0.689115
4180000 0.694253
4181000 0.683647
4182000 0.690498
4183000 0.681515
4184000 0.682435
4185000 0.684595
4186000 0.696691
4187000 0.685786
4188000 0.688076
4189000 0.685676
4190000 0.680163
4191000 0.682968
4192000 0.689328
4193000 0.686203
4194000 0.68667
4195000 0.68568
4196000 0.679649
4197000 0.686861
4198000 0.685001
4199000 0.688865
4200000 0.687469
4201000 0.685731
4202000 0.67938
4203000 0.690323
4204000 0.670508
4205000 0.68858
4206000 0.687532
4207000 0.685258
4208000 0.686183
4209000 0.683993
4210000 0.692382
4211000 0.68686
4212000 0.686787
4213000 0.692871
4214000 0.683396
4215000 0.682017
4216000 0.684196
4217000 0.689059
4218000 0.686858
4219000 0.693274
4220000 0.686908
4221000 0.686679
4222000 0.691386
4223000 0.689008
4224000 0.680575
4225000 0.68766
4226000 0.687884
4227000 0.688553
4228000 0.686461
4229000 0.695542
4230000 0.681605
4231000 0.693613
4232000 0.688653
4233000 0.681412
4234000 0.68885
4235000 0.678234
4236000 0.680682
4237000 0.685013
4238000 0.681966
4239000 0.692655
4240000 0.690609
4241000 0.697594
4242000 0.695841
4243000 0.689678
4244000 0.68476
4245000 0.686413
4246000 0.680692
4247000 0.688569
4248000 0.691769
4249000 0.68557
4250000 0.683413
4251000 0.682132
4252000 0.684994
4253000 0.68966
4254000 0.679184
4255000 0.68376
4256000 0.692265
4257000 0.694233
4258000 0.684685
4259000 0.6794
4260000 0.680231
4261000 0.691512
4262000 0.687425
4263000 0.692729
4264000 0.684204
4265000 0.685272
4266000 0.684313
4267000 0.685883
4268000 0.683262
4269000 0.68228
4270000 0.684754
4271000 0.680627
4272000 0.684637
4273000 0.682478
4274000 0.684818
4275000 0.683583
4276000 0.691797
4277000 0.677452
4278000 0.68866
4279000 0.683547
4280000 0.681956
4281000 0.692045
4282000 0.689858
4283000 0.683948
4284000 0.681977
4285000 0.689198
4286000 0.689679
4287000 0.691573
4288000 0.678975
4289000 0.688621
4290000 0.68459
4291000 0.69009
4292000 0.679908
4293000 0.683215
4294000 0.69037
4295000 0.694322
4296000 0.681731
4297000 0.679004
4298000 0.689989
4299000 0.680659
4300000 0.693155
4301000 0.68117
4302000 0.684527
4303000 0.683036
4304000 0.683
4305000 0.680065
4306000 0.686017
4307000 0.680706
4308000 0.693068
4309000 0.685023
4310000 0.690916
4311000 0.694294
4312000 0.677296
4313000 0.683609
4314000 0.693132
4315000 0.68017
4316000 0.677204
4317000 0.684344
4318000 0.676248
4319000 0.681714
4320000 0.683503
4321000 0.684891
4322000 0.68615
4323000 0.689838
4324000 0.683053
4325000 0.684316
4326000 0.685492
4327000 0.684158
4328000 0.678719
4329000 0.683655
4330000 0.688075
4331000 0.670247
4332000 0.673852
4333000 0.67642
4334000 0.689106
4335000 0.683178
4336000 0.685524
4337000 0.675972
4338000 0.695643
4339000 0.684977
4340000 0.685072
4341000 0.695202
4342000 0.685392
4343000 0.684401
4344000 0.695308
4345000 0.681233
4346000 0.68276
4347000 0.684966
4348000 0.686874
4349000 0.685796
4350000 0.680211
4351000 0.686504
4352000 0.681504
4353000 0.689089
4354000 0.684651
4355000 0.682629
4356000 0.694077
4357000 0.687016
4358000 0.677324
4359000 0.690286
4360000 0.68577
4361000 0.676246
4362000 0.691387
4363000 0.683736
4364000 0.688613
4365000 0.684524
4366000 0.695208
4367000 0.695075
4368000 0.683799
4369000 0.683735
4370000 0.684567
4371000 0.685875
4372000 0.676983
4373000 0.686802
4374000 0.682416
4375000 0.683668
4376000 0.685533
4377000 0.691455
4378000 0.693516
4379000 0.69039
4380000 0.694782
4381000 0.694133
4382000 0.692587
4383000 0.687502
4384000 0.691426
4385000 0.687389
4386000 0.688085
4387000 0.687607
4388000 0.688007
4389000 0.688112
4390000 0.686821
4391000 0.682375
4392000 0.679178
4393000 0.686077
4394000 0.693357
4395000 0.690907
4396000 0.690363
4397000 0.677794
4398000 0.684693
4399000 0.6858
4400000 0.686044
4401000 0.685146
4402000 0.681633
4403000 0.68606
4404000 0.694744
4405000 0.682989
4406000 0.690802
4407000 0.690841
4408000 0.690717
4409000 0.6945
4410000 0.684903
4411000 0.690125
4412000 0.691564
4413000 0.682611
4414000 0.686417
4415000 0.686482
4416000 0.692841
4417000 0.686951
4418000 0.680806
